32 1111111111. 1111111111

1’111 111111, 111 111· 1111 1111111111 1111111 1111 11111111, 111111·
1111, 11 111 1111 11111111 1111111111, 1111 1111111 1111111111

1111111111,

1)) 11111111 11111, 111111 1111111 1111 1111 111111111111111111ΙΙ
’ 1111111. ”

111111. 11111111111111,11111111111111111 111 1111 111 11111111
111, 1111111111111111111111111 131111 1113111111 11111111 111 Qu
111111 1111111111, 31· 111 11111111 111. 1111111111) 111 111. 111 Qum
11111111111111111 11111)1,11 11111111 1111 111 1111111111 111· 1111111·
1111111) 1111 1111 1111 11111· 111 (11111111 11111 1111111111111111111 11111

Vm·

31 111 1. 311 ‘2192 111 11111111 11111 1111111111 11111111 111111
111111111111111111111111111111111111111111111111111111,11111 x,

111 111 111 (11111111111111111111111, 1111111111 111 1111111111 1811111111
1111111111111111111,1111113111,11111;1)1111,1))111,11111,

1111111,1ιιο;5111,11111;311111111111,111111,11)11,;11 1111111
, 11111111 Mutae 11111111111,1111111111111111111111111111 1111111111 11
111 1111 11111 Mutae 111111111111,11111 (1111111111111111, 11111).
1111111111 11111 111 111 1111 (1111111111 11111111111111111111 11111111
11111 111111111111-111 Μ1111111111111, 11111111 mit Liquidis, 1111111111
111111111111111111111111111 1111111111 11 11111, melche 111 11111
1111111111111111111111(.11111)11111 1. 33.) 11111111 u 111111 q 111
11111111111111111111111111-,111 111-1111111111111111111111111111111
1 1111111111111111111111Λῖι11111111 11, gu (1. i. qV, sV, gv, 1. §- 13,
1) 111(11111111111111111111111 1111111111, 1111111, 11) ’11111111 11111 11111
11111111111111111111111111111 1111111) (11.1 1.·11, 1111115-
11111 1111111111 11111111) 111, mo 1111111111 1111’1’) 1111 1111111 11111,
111111 111111 1111111111111111111111111111111 1111 1111111111 1111111111

. 11111111, ulis), 1111111111), 331· (1111111111 ·.(1111611);

81 1111111111 11111 1111111111 111 11161111111111 1,)111,
r 1111111111 111 b 111 1111111111111111111111111111111111111
11111111111111111111111 1111κῇ( 1111111))1,1’,)),,11111111
11,11,1)ι,ι·1,11)1,111111,1’1,11,11’1”1111111,111,1)111)1,1’111)’1,“1)111,
hiems, stans, 111, nuno,- 11111, 1111,1)1,1111,11111)1,1111,1111,1111,
111.- 1111111111 111, 11111111 111111-11111111111111 111 111111 1111111111,
11111;111111111111111111111111111111111111111111., ·

1111.. 11 1111111111111111 111 1111,11,11.,. 11
111 111 od'bet 11111111111111 1111111111 1111111111 ’111 1111111. 1111111111,

319 ε111 {eam} 11111) 9 111 (11111ι 111111ζᾝᾛ111, (111, 111,11’11”, 11111,” 11111.

11111. 1. 111 11 11111 1111111111 11111 1111111111111 11111111 111 ie
111111111111111 1111111 1111, 11 1111 1111111111111111111 6111111111
1111111111. 11111111111111111111111111111111.ςέἸ [Ι ‚‚]

 

