11212. 1.,122 222 1111211221. 1121221122. 311

2) ulus.- nasutulus (nasutas), acutulus (2222122), frigidulus
(frigidus)3 ,

3) culm, 22212212221121222222,2212; duriusculus, melius-
culus (1221 2212 212 1211221122 mit 122222121222 2 222
222211. §- 2212). 212. §- 222, 2. 4.

11222. 11. 221 illus 222 222 1122222212212122 quantus, tantus} 21222211-

lus, 1222111122, 22122 quantulus, 12212122.

11222. 11. 11212222 221 ulus 2222 2122 2222122 222 122122 12211221, 2222
2122 (2212122222)221111111212 222 12212212 1121222222 1111111212 2221221121
11. credulus, 1111112211 garrulus, 1211211191 querulus, 2222 121111 112111
bibulus, tremulus, 2212122. 112222 21212121222221122222122 2211222221. 1.
111, 33 221 1211221212 1. 111.

11222. 13. 1122112122 11211 21, 2212 121 222 1211221212 2221221211, el:

21121211222221121222121122 12222 (22221 121122 (1. 2222122), 2211221221
1222222, pauxillus, pauxillulus (1112221).

δ1) 1222 122111212122121211211(

1) 112 1122111212, 222 22212122 2211122222 1121221122 12111221 216
2222222122 22222222 12222112 2222 1211211222.

2) 121 1122211222, 221212 12111222 1122121122 (1211221211
222 1212211212, 2222 2221 1221121112, 1. 1. 245) 1221222222,12122
121 212 2211212221 222 11222 12111221221121221122 2122 12 121222
2211121122 221 1222 11222122 1221111122. 112 1121221122 2121221121
12122 2212212 222 2222222122 1122221122 21211. 122 1112222212
2221122111 11. rusticus 1222221 21211 222 ruri, 1222222, 12 2212
112121, 222 rus3 domesticus 21211222 domi, 1221222222 (1222225
humilis 21111222 humi, 1221222 222 humus3 repentinus 21211 222
11111111,12212222222112222. .

3) 1122 121 1212122 1122221122 2112, 212 21211 1211 212222 12
212212 222 1122121222 122, 2212121222 1121221122 212 2212111212 1222
2212 2222 1122221111,1.1121 222111222222 1121122121 22, 21222222,
2222112221 heri, 1222122222 ¹)3 semper, semp· -iternus. 11221 122
12212112 112122 1222 2222 22211 1121221122 222 2222 2222211212212-
111, 1111011111 (1 § 215, ll. 3.) 12111212 hodiernus, quoudianus.

llum. 1 1121211212222112112111 2122 222 2121122 1112211212 denomi-

”⁶7¹⁸ 1111111111) 2211211 2222 1212222111221112 12112122. 2212· aeternus
' 1-10111011111111112222222221122121222122222(22212);11222221112,221

1 8222, 122 122 1221122221 22222 diuque 2222 diu 2222122112 1212222 12211121
2211 2212122 212 222 21222 22221121 2212221222 1112121222 122222121221. 22

1111122222,22222222221 22 2222222222. 2222 2222222 222222, 222 in
ι*111112122212222211. 122211. 122222121222.

 

