1111111. 1111111811111111111111. 1111111. 347

11. 11111111111111 111 1111111.

11111111111111.

1)1111111111111111111111 111111 1111 1111111111 11151111111111111111 270
11111 (1111111111 111 1111111111, 11111111111111111 111 11111 11111111. 111
11111111 111. 111111 11111 111111 1111111111111111111111111 11111111111111
1111111111 11 1111 11111 11111111 11 11 11111111 1111111, 11111111 1111111111,
11111(11111111111111111111111111 11111111111111111111 111111 (11111-
pers, bicolor) 111 111111111, 111 1111111111 1111111111 11 1111 1111111111 1111-
posita 11 1111111111111 1111111111111111111111111.
1)11)11111111111111111111111 111111111 1111 11111111 111 11111111
111 111 1111111111 11111111111111111111111111111, 1111111111 1111 ··
11111111111111111 ⁴
3)1111 1111111111 1111 111 1111111111111 1111 1111111111, 1111111
111111)111111(111111111
1) 1111111 11 111 1111 111 simpla 11111 1111 111111111111111111, 1. 11. 11-
nepos, 11ἵ-1111,111ῑ-1111111, 1111111111111
b) 111111 1111111 111 11 111311111111111111 1111111111111111, 111111 11
a. 1111111111 111111 1011111111 11111 11111111111111111111 1111 1. 11.
-1111, 1111 colere, 1111111111 -11111, 1111 dicere, 1111111111 411-
quus, 111) loqui, 1111111-1111111111
, B. 111111111111 111 111131111111111111111 111 111111 (1111111111
’1111111111111111 1111-111111,111)111111)1· 111111111111111111-
nida. ·
11111 11111 1111111 1111 11 111 1111111111 111 1111111111111111111111111111,
111111111111111111111 111 1111111111 1111111111 11.

) 1111 1111111111 111 311111111111111 1111111111 1118111- 271
plex 11 1111111111 1111, 11111111 11111111111611111111 1111
11111111. -
a) 111) 1111111111 111 11 111111 11111, 111 111 11111111,
1111111111 111111 111 111111 111, 11111

1111-11111(11111111111)1 1111111 mad-(munh) 1111111111,11111111111111
111-11111, 1111111111111 maffia-camelus, 15111111
1111·111111,1111-111111, 111-11111111 11 aud) (111111-111,11111)-νί1.

11111. 31 111111 11111 11111 1111 1111 111 111811 11111111 11111·
111111 111 (1.111111111111111111111111 1111111111, ludi-magister, aquae-duetus
1111111111 11111111111111 111.

1) 1111111 11111 111111 11111 11131111111111111 111 11111
1111111 11111 1111 11111111111111111111111111111111111 “
111-111111), 111-1111111 cognomen, agnomen 1), 111-11111111 111-11111111 dis·
similla 111-111111 111-1111111ἰί111 pro-consul, 111-11111111 111-1111111111

ευριπ-11111191 trans-marinus.

11 m 111 11111 1111 nomen, 111-,1111 11111111 111) 11111 1111 1111111 1. §- 111, 11. 1
9111111111111111111111111111111111111111. 11

 

