811111 Η.1811111111111111ν ἱ981

1111 1111111111111115111111 1111111111 1111111111 111 11111111 ctet-
111 111 111 8111111111, 11111 1111111111 11111111 111 1111111111, 1111111111 a
11111111 111 1211111111 (11111 2, 31. 15. 17,5 ,49 79. 85 111, 1;11,27)

81111111111111111·
1. Dimetcc acaialccius s. quaternarius. ·.- ἰ

ὖζυπᾷζυὲ;
Ut prisca gens mortalium. -·

111111 1111111111 mit 1111111111111111111111,11 1111111111 10 1111111,
11111111111111111111111111111111111,11111 111. 15. . .. - “

2. Trimcicrl acciclcciuss. senarius.
’ 1 ῡζυ-ῡ;1-ῡ-1ε
Beatus 1111111 [111111 negotiis.

1811111111 11111 1111111111 11 111 3111111, 1 1. 1111111111111111111111111
81111111111111111111), 11111111111111111111111 111 1111111111 (impum-
ρήι), 11111 111111111 1111111 111 1811111 1111 1111 1111111 8111111. 111
1111 11111111111111111 1111111111181111111111711111111.1111111111 -

1111111111 {t 1111 1111 8111111111 11111. 1-19, 11111111 111111 11111111 1111.
cn 1 ¹

3. Trimctcr catalecticus.
Clu-Olu.cLQ
1111111111ῑί1 domo lacunar.

(11 1111111111 01. 2, 11 1111111111 1111 1111 71111111.11111.,1.01.1, 1
1111 1111 111111111111 1111111111 (11111 1111111 11111111111111111111
11111. .

1. 11111111 hypercatalectus. ’
ὗζυ.-ζυζῦ ’”
Lenito clamorem c'cdcicc.

111 1111111111 11 111111 11111, 11 111 111 1111116111 1111111, 11111111
ic 111 1111111111 11111111 111, 111111111111111 cnucuyilchcc 11111111).

111111.81111111111111111111111 111 11111111111111 1111111111 731

1111 11111111, mit 11111 111111 1111111118111111111111.
111111111111111111111,11111.81111.’1111111111’

111111 111111 11111111 11111 111 1111111111111111111111 (11111111111111111111

111 quadratus) 1111 111 111111 111 1111 111 11111 8111111118
Quot cimmodac 111 ittulii 1111111111 11111ιί 1111111 1118111811.

1111111 711111111111111111111 (1111111111) mit 111 611111 11111 1111111111

3111111 1111 1111 1111 111111111111111118
91111111 intellexi mido concinnaticiam 111 1111111. 111. 1111111, 1, 2.

ιι 1111111111 1111 11 cccc 111 111 mcccc 1111111 αι menni 11111111.

 

