39144111441691

944111411444 513, 9. , -,644144 91141144 44441444 964, 6.
91441114411141693, 14 6 63, 919 64414, 91311.4419111.6144.195,’943.
9444414444983, 94 3.3-59,19 14144 -

4114414 64446446114114311 4111 14111 (3·

6441441114444 441144144 523.- 4, 94414141113,.-9 414 91441441 14
6443141141141144 41. 6. 11119111. 444 39641144 44114111 91441144 31,
144111, 144 111144 4 386, 8419 -9444114444 4141111441414 44111
14444,4411444.143191141’1411431444,333914.4644114449773.
benedicete. 1141. 358. caedes, 61111. 911. 3196, 5.
bene 1441444111. bonum 14414111 5061. 66161799π-111611116641111111111116111
641 74194. 611. casu 196, 9. 33 793- 111111111111 794, 5,- 11416
961111141144444 1413444411. 4461 1444 1111144 114416. 971911
9341444444 411411, 968,9,-31411141 94144144, 738.
44441466111411641144.144111444444 44111444 4114435514.
1111 989, 9, a. 44414, (6111 911. 191935.
184444414444434 1416441. 91111. 461, 444444 Gen. 355, ’91
9. 9.--1111411 669919,4441111441444114364411414354,9..3
9641441444, 14433641 144583, 444441144144411414144. 4441 9169. ἱ
3111143 41134311 611344, 6151111, 916· 4. 6· 9131133
141 4441114111 44 9614141469, 919, 439,]μ-1411141644111141144439
94111414,816111111144149Η11318.- 3,9311-44114144, 441444,444-
934414119444444444111441644.4644,1444144444144444586,914
441 -nm 441 144144 483. - 4444 141 major 441 minor 141
9919611963 3 113139 ..119 11111919 341441. ’
4161611111111316311111331313116111 in 9111. 6444, 4141411919, 9. 6. 91111. 911. 1965.
144641, 4441141444 44 4414114411 641434,141911444444444141141443399,
11613363663663331313336 1333333 333 33 3 6436364144444,44444114111141411.
9111111144 6144444444 4441141111· 14 411. 179.- 1419 6411, 183. -
1411141111.915,5.1413641195196-14141411
. -bilis, 9114644661411444 9141441444 199- 1115316411. 991-141
9643 . 411411. 9611141 993, 994, 996,
11114641441994, 919. (141444611411719 (9111466399,
9641444141 14 1446 6144411113 56, 91. 398- 3441416144 141 91111444 1443
14141, 414 6441439, 3. 9144441141411 919, 916.
14364444414311. Casus rectus 171, 9
61 1144614 sexsus 4111111111 annus 64141111114611 931138 791.
.989,9.1. 41414 11111 caussa, 977, 9.- 11. Gen.
-bo 11·111 6444111611111114111 9111. 335, 993-4441114441, 141 141341,
1413. 4414. 6441, 195,.3 911- 61411444 677, 913- 44
1444444414 669. 1114414441 4444411144 314144 641441.
boni 1114441414 343, 9. 489, 9. 8.
bonus, 14414 41111 9981. , 6141111141, 644144161444 1411411141
1444, 64441. 33333,.-4591 1461411186911. 591- 31414144· 114 6441. 613, 94
-144441-1443449111411444441164444 444144,9341441444158,.3
9619913. 1414,611411111611114,359,4,3.
91466141418111611151111791.4414144141 464, 9. 5.
9111616141114414414444 978, 6, 44444 4. Dat. ’41 Ace. 359, 99,-
9111414 94414414 44 14416144 411441 441 44 573 577, 91.-9 441 nt&
(144144464114444 4514 1419111 787, 91.1.-441’111414416444’.573
186666113969.33 3 3 637 739 933333 3333 333333· 33 3333333
91111444,9144144414141141144749,9.-,44 4611111144 59, 9.-94441 43, 4-
6444414414. 6144411441931,91.1,3.
9141114144,914114144411949114444 444111, 64141411.
141111141’141411141141915,39. 4446914441. 59, 4, 1.

 

