552 6611166 66611. Ι66616666. 1166661.

66616616181166111666 (1666. 1, 11666 invito). tut) tut& ipse 11616111) 616
36116661161611666116616, 16116 Caesar milites suos incusavit, 661· do 666
(militum) virtute, uut (16166166 (116666ιί6) 6111666116616666666666. Gues. 1, 4⁰. .
Jugurthu legatus ud 66666166 611111, qui ipsi liberisque vitum peterent.
6611. 166. 46, 666 666 6166616616· 666166666636666166666661666,66666666
6161 666 666 legatos 6666616 6666. 66 666 ut 6166 6661661666 6166 66666
666666, 666 6661 6166 666 1166616666 666 66616166161616 66666616 661, 6611
666 6666666666 6666 6166616666 6666 616 1166166666 666 616166636666166
1616166116 1611666 ²). ffietgl. 166. 626 16 (1166611666) 1666611666 . 6666611166
66661616661661666666116616166, uti aliquando 6111· liberisque et genti Numi·
66666 ’. . . 6666111666. 6166 6661 uiti 6166 6661666666, 6666661 666 Sue
666666. 11666666 166 61616 6616666666 6666666 (16666116) 66, 6116666·
616616, Numidae 6111666661666661116 cunctante (ει si ille 6666166666) ton
666 6666666616 666 1166616 66 666 666661 1116 Sug 6616666 (1166666666 66 616
6666166 616 61666666 1666 ille 66616666 666666 66 666666. ‘¹ 666 tues
666666 66 6666666 666616 66 6166 6166 66· 661666.
1166 6116166166 66661666 366616 66116611 161 666 666661666 1166, 6616 616
6. 161, tt. 1. 66666616. tout 6666666 61666166 666 6666 1166666666616 61666
66666616 666 objectu 16 66661666 61666, 666 6661666 666 6116616616 66666
666 6666661666. &o 1616666166 666 6566666 666 1666666666 66666 1166666
¹ tet «66661666 166 6. 111. Cujus rugat Titum, 61 (Titus) sibi consulut. 11666
6661116666 66666161 6166 661 666 666. 6. 161. Cujus jubet Titum sua· 66666·
166656 1666166666 66166 61666 66616661161616 6666 666 61616666 666 166,
61616666 6666661661.

414 6616666611 1166616116116166616611666666666661
idem 616· 1666. 1116166 616666 666 66666666 6666 666 6666666666 ·
(1666666666. Idem, 6666 66666166, 616111 166 666 616 6666166·
· 611 61666, 666 666 6666 616666 66666116, 6666 666 m 61666 66666 -
661666666616161166666666 6661 61666 66611661 6166. ut 6166 66
666 66 666661, 666 6666666166, 666 66661 6161616616 66661166

, 1616616 666 61666161 6166666666 6666666 6666666. lpse 6666666
6616616 666 11666166661166661166666 666 1666666666, 666666
66166 616 61616661 66611116661616666 6166666666 6666 6611666
’116 6666 666666666166 66166666. {tu 661666 611166 ist 66611166
6666661616 6661666. (1116666666 6. 6. 416.)

, Euphrates 66 Τι’6661 ex Armeniae montibus profluunt, 66 magno 11616116
66666666 divortio 1666, quod 666666, 6666666616 iidem ⁹), quum 11661166 ut
(ἔοι-6116666666 tetrus 666666 coeperunt, paulatim iu 6611666666666. 0661161.

1) 6166 66 16116 1666 6661611 tet 1116666166 616, 666 6661616 6166 6666 6666 6666 666

16 mett 11666666 6666666666 66116616 161. 666 61616616 iu 66666 et 6166 66661 61666,

’ ί11631ἷῐιξᾶῖᾔίιιι1ἒ66υί6ξ11466ὄ66166 6666616666, 661666 66 666 6116 616 666 61111 tt·
ιι 6666616616, uc 666 66666 666 666666166666666666111- 616666166161166

:loeguantussuktbff‘mal 666 6666 3666666666 66 6616666, 66 6616 1616 61661666 1161161161

 

