555. V. 555555 555 metet 5555555555. 507

55555 5555 &erm 555 555555, 5. 55. 555555 55555555 reni! venite!
555 5555 55555555 5555555 tentet bem 5555555 555 5555555555.
55 555 abet 555 555555 555 555 5555555555 555 55555 555555 get
5555555 55555 5555 5555555 555 55555555 555 555 5555555555 tenum
55 55555555 55555 5555 5555555555 5555555. Q 5. 5. 464, 55. 4.

Ι. lunatim.

2555555 2 ece 55 55555555 5555555555 55555555 immet 453
55 55555 555 555 555 5555555555 5555555555 3555555555, 555 =
55555 55 55555555 55555555 555 55 555 (5555555555 5555 5555555555
5555 3555555 555 5555555555 555 55555555 (5555555 5555 5555555555)

5555555555. eabe 5555 5555 555 &aa 555555 555555555555 555555 555
5555555, 5555 555 555 55555555 5555 555555.

1) eie 55555 555 5555555555 5555555 5555 5555555555. mit
5555 55555555 55555555555. Arbor floret, 555 5555555555. .
Nihil est amabilius virtute. Veniet [empus mertis, et ,quidem '
celeriter.

2) 5555 55555 555 55555, 555555 555555 555 5555 5555 555
’5555555555 (55 555 5555555 55555 5555555555 5555555555), 55555
555 555 65555555 555 55555555 555 555 5555555555 55555555 5555555
5555 (5555555555) 5555555. 5555555555 55555 5555 5555 55555
555 5555555 555555555, 555 555555 555 55555555 55, 555 5555 5555
55555 5555 55555555 555. 5155555555ιηῖ51555555555555
5555555555 55555 555 55555555 5. 5. 513. ·

3) Die 55555 555 55555 555 555 ’55555555 555 5555555555 .
5555. Infelix est Fabricius, quod rus suum rodii? ’55555 55555

5555554

55555. 1. soie 55555 5 555 3 5555555555 55555555555555 555555 5555
55 &iem 555 5555555555 5555555555. (Q 5555555 555555 55555.) 555555 55 ·
555 5555 5555555555 55555, 55 55555 555 5555555555 55 555555555555 55555
55555 55555555 55555, 5555 55 5555 55 5555555555 5555555555 55555555
5. 55. Arbor, quae floret. Miror, quod floret arbor 5. 555. ieie 555 in bees ι
55555555 55555, 555555 5555 555 (5555555555 555555 555555, 5555555555 555 (ione 1'
5555555 55 5555555 55555555, 5555 5555 55 555 55555 555 555 5555555555555
55555555 5555555. (55555 55 555555 &dilen 5555555 555 5555555555 &predic 555 555
55555555 555 (5555555555 555 5555555 555555 eb, 5555555555 55 555 55555555 mit ’
55555555 55555555 555555555555.

unm. 2. 555 555 555 55555555 5555 5555555555 555, 555555 555
5555555555 555 551555 5555555555 555 3555555555 555555 5555555555. &e 5555
55 5555555555 535555 55555 555 5555555555 555555 555 in 555 5555555555 §Bw
55555555 5555555555 55555, 55 55 5555555555 &dece 55 in 555 5555555555,

 

