1616 · 61111611,

611. 6161166116 6111111116 1111161111. 3111161111 611 6111. 111 116116, 111
1311161693· 1111,1111111111,1111111 1111113.463

¹ 11111611566,,6,1- -...11111111 -6111111ρ16ο,..46366-

11. 569, 91. 36. 6166111161111631361616113463, 6,.1
3111116636 77, 6.- 6111611611 36611611111611161111 11, 1111613166·
15411.-6116616161467,-11116· 16111616616611161 6116 1166 611,
nem 1611166116 661 eet 154, 6 6 6-11 61611111116116 1111 611
155, 6, 1,-11111111116116331116 1111111 667, 6. 4.-16661166111
666611616161111111111111111563,11111611113111,111111111111111611.
6-6111611161 111611611616111· 611,11.5,-116111611116116613
311161 6113161161 6116111116 566, - 11 66616111 6661116111 6111
3.-1111 11111611-11116111 61111111111161111 talis 111. 614,
61116111 6111311161163111. 91 6. 61. 3.- -116 1111111111111,11·
3611111 116111661111111111. 56116 1161111161 qui 615, 6. 5, 3 666 4
1111ρ111111. 61ρ1. 1411. 316, 91.—- ali· 11111161 611 ,6611111116 663 836, 61. 6.
..1333163333 3 333 33 6311313116ξὲ 11363616.
1113,1111 611.3353,1.-1.Α61.376, 1..111 6611 ,1161111116 11111 (61111. 616,
31 ib. 61. 316. 1166 (1.11111111ρ11111663 ’111111
· 111ρ6161. 1111. 111161 359, 61.6.1111111311668,61..4-11611)11111
11111,.Α619111.195,61.5.3-,1.1111.1111111664.
3333,.333 1611.11111111.489.1,6, 31161161111111111166461. Ι.
111 primis 645, 6, 3119. 611 6131311, donec, 11116 636 633.
111131161111619111. 166615, -611111111111ρ111111111 634, -
11111 6161116161616161611 3111161 111111 6111161116631-1111111111,
’1361111136 1111313166 166.3131.31.11331.313313.·-13113,
in, 6161111116, 6116111161 391, 396. 663333113136311163131311316116111 616 111111
- 611111 6161111111111396,1611639.-111 6161611166611611
61. 4.- -166611136 1.Λ11,,16.61.5.11111116111 646, 111,-61111111
-61116111116649,1.11,1. 11661611646,6,1.-611111116
11, in 81161111611111111 6461. 91..ss 1111646,3.- 3611161161 611111
ineo 11111561, 61 1111116616
1111111.1111,3533,.6-1.611,1111.3163111116.1111116116616111111.
489,1,. 646, 61. 3.- 6113ρ1616, paene, 6111
111111111131111561,61.11111116616116 616616 611 Part.
111111111111111116111111566613, 1111411. 11116Ρ111.646, 613.-
1111111111, Gen. 356, 9113 &s 476, gub 111 96116 111666111111113 11611616
61113566. 111 16 91. 4.
, 1166161116 656 4 -116 6111161111 366133
611111111656,6.8.-κ6111161611316116116111116644-645. -
164, 8111. 6. · 6111111, 11111111,31111111644,-611
3111111111 766. 1111111111, 1116111645- 61111111·
11111616111111111111111111611615. quis 111,, 11161 6.-6111611,111.
111116161111, mit 61111. 6111 u 4843. 111111, ib. 91. 3.
incumbo 61111. 35991. 6111611111 ῒ1116.11161161111111116116111661656.
ν 111116,116161111111111111761.
11111111111.1111.355,.6 1161111111611566,1, 111,-,1
jude, 6161111116 647, 361. l.- 6111161 41611311. 56361 633 535, l. 11..
Q. 734, 93. 33 11111111161461. 396-11111151111 ,111111
11611111161111, 615. 484.- indign 1111111 1. (7611. 594,

ei 111-111 643.

’ 1111111111,.16111611647,3,1161161 (1113551.

616166111,611111116761·456,1.- 36111161616115133,63,-11111111
· (6161611361 16 11661611Ῐζῖ 1116 116116 33611111 6111131116 5319·

’ 1616 453. 1311116116 453, 1111,611161111161116491.6 1.-
61361166 -11116116961611111 61611ψὸ61 “

 

