66761. 7666 666 6666776666 666 7666776666. 11

7666677666, 666 6666767676666666, 666 Q 7666 666 6667666676 6666
,7767677 6676766 76666 7677 66766 66677 66, 66 666 V 666666 Q 7667 76 666
736667 17 66667667, Q Q, 66 relicinus, 66676766 667 666 66676666 6766767677
·“ 776 reliquus 77676. 7767 67677676 766776 766 76 66676666 locutus 666 se·
·> 66666 666 7667667 666 sequen 66667766 loqvor 666666 66667 7667767667
. 666 V 76 U 666 766666667667 666-77 76 c 6667767677, lo-cu-oe, 6666666
-=· 166ιῖ666, mmmmm 666-7666666, 66677666. 6667777766 66766 6766
’· · 66666 76, 676 loquutus-gemmea: 666676 6667766 767 6677666 666
relinquo, 6666 &temen 666-ἶ. 77666 76· 666666 8666666, 76 66767766 666
eus 76776666 66667 767666676666 677676 76 Qec &utet 7676666767766
· 6666666 767767 666 v· 7667 7666 766667 666667 qius Q 76 G 6666, 66766
” ‘2³52' 6666 eujus, 676 77677666678667666 666 77771 ²). ι- 7377 (7667666666
· qm, 7667776 66677 666 6676676666, 666666, 66776766 76 666 667766 667766
,67676766 666676676667 666 666 7666677766 sem, obet 666766 76666 Iba
76666667, 666 6666 &tem 766· 67676766, 76 776666 quum 7676766666,
666666 6667 666666 cum gefpteQem 76 6676 enen euQ quotidie 666 cotidie
776666, 666 6666 76677766 76, 676 666666, 766766 Q 66666176.
) S ,eeee'eQel 666 ’77676676 666. 76 6’66 6777667 666 7666666 6676767666ῑί6)
76667776 6677666766 6767 667 67 7, 6776 66666 6666 7 7766 (7666 666 66666766
Ι..7676767 66 76 ’676666 7677676 6666667667 76 666 (6667677666 ι6 666 66,
’76766667 76· ῐ6, 6676666666 666 676666 7677666666 6667666676, 67666
766667 67 ’766667677666 6666 767676 76 76666, 66 66 7766 7666 667 666
j 6776676· 6776766677 6667676766 766667· ’776 66 6666 6666666666 666 ’666766
'ruffi 7677676766166 6767776766 ’6667766 mortis ²). 7366 6666677 (7717
666766 667 6 mit 666 776676 7666666 766766 666667 66, 66, 66 7766666 7 Q
67666 7867777676 676766 7776766 ,6677676 7666667776 7667767676 666666. (Cic.
06. 477 ,76667- 77777666· 7 Q 767666 euQ' 676 7666666. 666 766
.. , saiano, 67667676666666 766 67666766 6677666776 76666 7667 iste-:811
· ’ Ι66666766 77667666 6766666 66 676· 66676666( (7 Q. 15) 676· &telle 666 76766,
7777677676. 66667766 766666,- mie 76 666, (66), semideus (6766677666. ,. ,,,
Ι, ,6667667 67767 666, 7667667666 76666 ”r 666 6666666 6666, 767 7666 676667.
Q& 776 ’77676777 67776 76 767667” 67666 &othe 7766766676 66766. 76667 767
’ ἸΙ6666 Q 77676667 77676 6776766767 6776677 6 76 76766. ’
’67 66 66 6676666666 67667666 6 6666766666 6666 66 666 66666
, ,67667 ,77666666 666 6666766666 67 ,7677666666 766667 7667 6676 z 7677666666,
’7 Q 667766 777. tuzi'us. 667 67676 6667766676, 66676676 7 Q 6666 667 666
766676 676766 66766 666 666 6666777766·- QQ 6666677666· 6677666, 76766
667 666 777666 6676766666 7676 6667,ἶ 7676 7 Q 666666 7667767 66, 7667
67676 76666666, 76 66666 66676 677766 ,7667666767 ,667 ,676666 7666666766
,, 3euQ ,666 6776766666 ..6676767666Ἰ ,7666666 ,76766 6677776666, 667· 66 666
ti 666 7677777 'eQQ'eeQ‘f⁸ 6666676 77677666 7666 766666, 7676 66 66766 66676·
7776667667 , Q 676766 ’6677·”·’ 21 6666. 6677676666 76677 77,Ι 667Ι 676 776766

¹: ’772 7,’,Ι 9123: Ἰ7· . ”7-

t 1) 7666 eujus 666 6666 66667 6666677666, 7. 7. 766, 771. 667 67 66676666 666 6767
6666776 76...

Q 7666666677 6666 ’77 67 676 7676666 6 7766·Ι 666 66766766, 6666 6667· 66 6666Ι ’.6676777676
66767766 767 7666667666, 6661, 6. 666.) .. ..a ·· .·· .66, ,,6, .

 

