178 85555555 81555. 8555555155. 551515.1. .

5 555 5 5551555) auf 555 1555551555 53 lapis 5555 555 3555 8555551538,
5553555 55535355 5555553 5-.55(535 05. Or. 3‚,58 218, 55555 5555535 5555 5555555555
8555555551515)5555555555555-,35 55 5555155555 85555. 555 55555553 5 5555555 ’

5555) 55555355 555155 5551555535 855355555555, 555555 vas (5555 5,) 555 (55 dis),
55 (5555), 55 (55555), 5555 (55555 555), 555 5,5(5555,555) 5555(55 555), mit 5535555555

8555555 35515155 5555553, 55555 5555,555 5555,5 55555555 ,55 55555 ,555 5555, 5555
355 3555551515 85 5555, 5555. pos 555,5,5551 chao 555, pel 35 5(55 ommam) vi
555 (ὅ 555) mit 5555551555 8555555 55 5555 555 55515555 (555115 351535 5555555.

85 55513555 555 555 8515555553 555 3555555855 (5515155155 555 8555
555 5551 5551155555 555 8555555555 555 (5555 55 5551535 3555155553. 515) 555
855555555555553 551 555 85555555155515555 5551555555 5555515515 3555555555
5555555 5551, 15 5555555 555 5553555 5555 555 3555555515555515155515 55155551
555 55155 555 555 8555555555 1553553 1. 1. 208. 855 5555 555 5535555555
55555 5555555 5555555 5553515155 5555555.

Β. 855 8555555555.

1 8535511555 8555555555 (55155 555 5555555555

333 1) 855 5515555555 8515555511, 55 5555555 555 (8535515555 35
ciuem unbem 85 5355155555 5555 35 55555 855 5535555 5511555555 555555
5555, 5555555 55 55555 555 55535555555555 5555555 5555) 35555115 855
55555553 en 55 555 155555 555 55555555 555 35555 in 555 555553
55115555559 5553555583 3. 8. 555 8555151555555555 1555555 555555
85551, 555 1555 555 855535. 85515 855555555355 (1555555555)
155 5555 5551515555, 15 55555555 555 5535555555 (5535515555 55 555
8553555 5555 85553515 3555515 5555555 155. &ie 555555 55555
3535555) 355 5555515155553 555 8511515555 5555 555 1555555555
55555 5555555. 85515855555153555515515 Singularis, 8553555,
Ρ1555155, 5155553515.

110 2) 855 555151555555 5555555 555 5553515 5555 85153515, 5555)
555555 5551555555 8515555115 55555 (5535515555 5535555555 55555
5535155155 555 55155 (1555) 555 55555555. 555 55555555 5555 155
555 5515555555 55155 555 8553555555 555 85555555 55555355
(15555551151555 5555555555. 855 8555535511 555155 1555555155

5555 55555 55555555 515 555 8555555555 5511555555.

D· 8555555553 55585155 555 8535555555.

111 855 5555551555 8355555 5555515555 555 555 8555555555 55555

858185815555155555 5555555555. 85515155Ν55555555·
555,(555555555,1)555555,515555555555,5555555555,Α51555555.

. m W* ⁸2¹⁵an 5551555555 555 555 55155 555 5555 8555
555 8551515515, 55 5555555 555

 

