648 6666666666. 66666666. 26666661.

6666 6666666 6666 6666666. 666 66 66666666 66666 66666666 666
’. 6666666666 66 66 66 666 6666 66 66666666, 666666 6666 6666666666
6666666666. 66666 66 666 6666666666666 6666666 66 66 6666666666 666
666 66 6666, 666 666 61666666 66666666, 666 6666 66 6666666666 6. 6.
amans patriam nemini invidens 3 simpletus pecunia3 parricidii
accusatus. 666 666 666666666666 666 6666 666 Participium Per·
66666 666 6666666 66666 (hortatus) 66 666 666666 666666 6666666666

666 666 6666666666 6666 6666 6666 66 66666666 6666666666 66

. 6666666.

666661. 666 (6666666666 666 6666666666 66666666 6666166666) 666
66666666 6666166666 666 6. 6. timens, 6 666 6 66666666, 66666 666 66 6666 566
666666 666 666666 666 timidus, 6666666 66, 66666, 666 666 (6666666666 666
6666 6666666666 6666666666 moriturus, 66666, 666 6666 66 6666 ’66666666 6666661,
666 et 6666666 6666 (661[); mortalis, 66666666, 66 66666 (6666666666 666
6666666666 666666. - 666 Participium Pers. Pass. 6666666666 66666 66666
66666 666 66666, 66 666 6666 66666666 66666666 666666 6666 6666 6666 6666 666
66 666666 56666666 6666666666) 6666666 66666 66666 66666666 6666 6.,6. tabula
vota, 6666 66666, 66 666 666 66666666 66666666 6)6; 6666 tabula votiva, 6666
6616666666 666 666 666666 (6666666666), 66666 (6666666666 66 666, 666 666 666
6666666 66666666 6666. - 666 (6666666666 6666 Part. Fut. Pass. 666666 66666
6666666666 666 666 6666666, 66 666 6666 66666666 ’66666666 666666 6666
6666 666 res facienda, 6666 66666, 666 6666666 666666 666 6666 6166, 6666
66 666 66666666, 666 66 66666666 666666 6666 6666 res facilis (66666666),
6666 66666, 666666 66 6666666666 666 (666 6666666666 666), 666 66 (666666) ges
66666 666666 6666.

6666. 2. 666 6666666 66666 5666666 66 66666666 6666 666666 6666636666
6666166666 66 666· 66 66 6666 666666 66661666 6666 6666 66 666 666666, 666666
66666666 66 66666 66666 666 666666 666666 66 666 66 66 6666 66, 666 66
66666666666666666(6661666666666666)66666666, 666 66666 66666666,
666 6666 666 Nomen adjectivum, 66 66 6666 66 666 616666 6666 666 66666 666
66666666 6666666 6666. 666666 666 6666666666 666666 abet 6666 6666666666 66

” 4666 6666666666 666 6666666666 66666666 (6 5. 462), ..63 amantes, 666666

heuheu. Amantium 6666 amoris integratio 666 Ter. Andr. 3, 3,,23 Nullus

agenta 6666 longus 666. Seu. Ep. 1221) 66666666 666 6666 66 666 6666666666
--666 6666666666 6666666666, 666 sapiens, adolescens, 666666,6666661,

· fdetum3 responsum, praeceptum, peccatum. '

666. 3. 3666666661666 6666666666 66666666666666 666666 6666616666
6666666 6666 666· 6666666666 6666666666 66666666, 666. doetus, eruditus,
mansuetus, amans, patiensmegligous, reverendus, venerandus. (61666168.) “
66 666666 666666 6666 66 66666 666, 666 666 6666666666, 666 6166666666
’ 66666 (6. 6. 226, u. 7), 6666666 6666666666, 666666 666 ς6666661666 666 6666666666

W

ι) 66666666 66 666 66166666 6666666, 6666 666 6666666 666 6666666666, 666661 666 zia·
661666 66666 6666· 6666 666666 6666666666 6666666666 666 Momm omnum 166666 ιω·
pendentem 1666666661 potent animo consistere? &seam

 

