111. 1. 1111 11311111. 111111111111111. 73
3) 1111 (111111111111111 111111 1111111 111111 11111111111111

111 111111, 11111111 111111111111111111111111111111 111111
111111 111-111, 111, -ire 1111111111 1111111111, 111 11111111
1ᾳ tinguat 1111 111 11111111 1111111 1111 11111111 1111111111.

1111. (1111 11111 1111 1111111111 1 1111111111 1111111 111111
for-re (111111)11111111. 111111 111 1111111111 11 esse 111 1111111111.
11113111 143. 11111111111111-111.1. 1411111.

1. &mmmmm 11111111111111.

1) §Rei 1111111111 11111111, 1111111 1111111111 1111 11185
1111111111 1111111111 11111111 1111111, 11111111 111 im 51111111
1111 1111111111 1111111111 -re 111 11111111 6111111 1111
11111111 11111111 1111111111. 11111 1111111111111 &amm
Ι111 111 11 111111111111111111 111111111111111, 11111111
1111111 11111· 111 1111111, 111 1111111 11111111 1111111111.

2) 11111111 11111111 111 111111 1111111111, 11 1111111 111111
111111 1111111 1111111111111 11111111111111111111 1111111111 111 ,
111 11111111, 1.1.),11 111111111111 1111 11111111111111
1111111 (1111111111 11111111 1111111111 111 1111111111 111111, 111111

¹ 111 ,111111111111111111111 11111 111, 11111 11111111 111 111
1111111111111111111111111111111111111111111111
11111111. 111111 1111111111 1111111

1) 111111 111111, 111 11111 111111 (1111111, 11111111 11111111
111111, 1111111111111111111 1111) , 11111 11111111 ῗςηε
11111111 111 11111111 1111111111111111 &tumme 111
11111111, 111 11111111 111111111111111 11111111, 11111111
1111 11 111111 111111 1111111 11 11111111111111111111111
1111111111 (1. 111. rump-, rfip·); .

mmmmmmwmmmwmw‘
1111111111111111111 111 11111111 1111111111 1111111 x
111111 611111111111-11) 1111111111 11111 111 1111111
111111 11111111 1111111111 11111111111111111 (1. 1. 2411125)
mit 111 11111111 1116111111 11111111111111111. (1111
Ι1111111 1111111 1. 106 11.)

3) 111 1111113111111111 111111 1111111111111 111) 11 111 11
111111111111111 6111111111 11111 111111 11111111 1111111111,
1111 11 111111, 1111 1111 1111111111111 111 111111111 11 111
&tumme 1111111111 11111111. 91111 1111111111111111111 111 11

 

