1515.11..615555551,555115151 5511151 51551115. Ὶ453

nomeu carendi. G. Ture. 1, 36, 87 ι). Faciles parter 555 1555551155 morlo
percucurri. . ,151155 loquendi planeque dicendi. C. 0r. 9, 14, 52 ²). 551.
1511, 3, 24, 9112,29, 128. Tertius illc medus transferendilverbr'. lb. 3,
38,155, 5.1. 515 551115 1151 (555 21551515555551 551 1151555511), 5515115
5511511 15 5555 1555555555 51555 1555515555 5515555151. Dicaearchus collectis
ceteris 555551), 51551555555111551155, 5551115115, belluarum 511551 repenti·
555 multitudinis, ...deiude comparat, quanto plures deleti siut homiues
homiuum impetu. C 0ff. 2, 5 Duo 55511555551115551115115,5555515515·
beneficii, alterum reddendi 4) C. off. 1, 15, 48.

115151551511151115511511 55555511 15551551111551155511155 515 551 515
115515555551551115551151151555 51551911555555551,155115115515115
ehiae,proureutoriuu1 Miseni.

(15511171 51115155 151 1151151215151551151111 1115. Quaedam pestes bouri-
uum. C..F·eu1 5,8, 6111111511 555 9115511555. Monstrum beminis, mulieris. Ter.
1155. 4, 4, 29. Ρ1551. Peen. 1, 2 6, 1151515555 555 515555 1115515555, 515551
11115155 6515551115 51155 515155 111155 555 61551115 515 5551111555111, 5555
15 55511 511 55 51 15 5551555555 5155515555 vobis breviter, 951515551-
nis sit. G. Verr. 2, 54, 131. Quid 5555115515 uxorem 555551 Ter. 555. 4,·4,

’ 21, = 551 1155 5155 1151, 515 151151, 555 1115515555, 5555 1115155. (1115155 1155
5555) 551 11551555 551 1155555551 5515555151, 551 55515 (1551115 11515155
111156155511555 55155 51555 15511155 651155115515111151151155 151. ouen 551
151551515115115551151515555515511,1155,555,1115155115555 1555111515,
5515, 551 1111 551 5555 ,151 1555515555 5515555 5551, 555 15551115 5151155515
55111131,2.))155151155111;1.51.155555555555151555.5155111,Ἰ
70. Id illi deinde cognominis 15115. 7, 29. bel) 1151 51511 aud) 51111 aben:
burg 1555555111 55155, 5555 555 ino 61551115 551955516151151511 5516151511,
5555 515 1155555559 511 5155 515111 555551511, 1555155 5551551115555155 555
655115 1515555555 5515151551555555 1511, 1. 51. (legetis) id ipsum argumente·
praetendentibus eet. L. 45, 42, 51. 51551, 551 515111 515 51511151555555115
grunb 5551111511 hoo muueris. c 011211, 555 5515115511.

4. 6155111555 qualitatis

15. ι. 555 (5551115 555 5195515511. 11555195516151115155 339
51551111 511 555 1159551555, 555115 5515115 51, 1115515 5555, 55

1) ue 1151555151 carere. 55oe 555 15 11511655 21155 115551 115) 155 1551511555 555
21555515 5511115551 5151115 55521555111511 551 Ὓ655115551 1555555 15 5551 551 51551115
151 55111115, 5 5111611511.

21 5155155 51111 5515155555 255115 555 6555515511 (5.5 1555515151) 555 551 meets
11111511 551 1151555511 5555151,1555555 551 latine 10 ouq ul 555 551 plane ulcere 5551155 151511
115 551555 555115 551255155151 551 1551515 6151151 11151111 555115555551 551.
ver 11551115 Ι11555 5115 5111551115) ru 51555 5551551515 551 55115555515555155.

1) Se interitus hominum 555155 11515555 5511515515 55151555 5. 115. 1155155515
rotinere 555) 5511511551 1155111151 551 11515115 511 1155515155 au 55555 551511 1551555.

41 515 5155 1151 5511551 15 551 5555511555 555 1551515155 u. 1. ro.

5111551 15 555 551555 5155551551555 quid 5551515, quod mulieris, 1555 55115155 5155

licam, 1515 1555 555555515155151. 5511 115 5555555551 bomo, munerari 515 15 51555115,
5555515155 555 15 515555 5515515555 51555 5515. 155155 1511111 15) 5551 5551 55 51515
2515155551 551155555555111 151 2555111555

 

