11 s 1111111111 1111111. 111111.

0111111111 111111 111111 111 111111 8111111 11111 Bacchides 111 1111111111

111. 6111111111 3111 11111111111111111111111 (111111 fis 111111 11111111 61111111
. . , 1 ι ¹

m ι11161311 1311611θί111 1111111111 111 1111111 111 1111111111 11111 11111

mittemur, 11 1111111111111111111 &tannae 111 111111111111111, 11 1111
111 hie ὒ1111111 111 1 111 ιι, 11111 reg-run, navi-un, 111111-ιιιις 11111111
111 11111 111 &tamne 111 1111111111 1111111111 111 a, e 111 o 111 611111
rum (11111111111111), 111111111111111 111 111111111111 1111111111ιὶ·
m, 111-111,11111-ιιιιι. 1111 1111111 1111111111 11111 11111111 1111 111
1111111111 111 111111, 111 1111111111 1111111111 1111111111. 1111 1111111111
111111 6111111111 111 1111111 111 11111 1111 111111 1111 11 111 consonantiam
. 61111111 1111111111, 1111111-1-111, urb-i-um‚ 115111-1-111, 1111 11111111
1111111111 11111111 1111111111 1111111111 &tum 6. 1. Str. 1, 1Ε 111
19111, 11.- 1111111111111111 111111111111111161111111 11111111 111, 1111
ιιι-ιιι, ιιι-ιιι. 6111111111 &2042 91112.

- 1111 1111111111 111 11111111 111 1111111111 1111111111 11 111 111 1111111
1111111111) 111 111 61111111 111 1 111 0, 111111 1111 1111111111 111 81111111
,111 1111111111 111111 ιιι 1111111 arum 111 111111111111; 1. 23. 1111111-
um, numm-um 1. g. 111 1. 183 2). 1111111111111111111111111111111111
111 1111111 11111111111 11 111 1111111111 111 1111111111 11111, 111111 fit 111
111111 -1111111111111,1111 1111 1111 11111111 111 1111111 1111111111,
11118111111111111, poematorum Ῐ. §- 11111. 111115, 11. 3. 51111Βῇ
,1111111111111111111111 111 1111111 1111111111 1111 sud) iu‘frfibm 311111
1111111111111 11111111181111111111111111, 111111 fic 11111111 1111111
,11111111 11111111111111 ῢ11111ι1 111111, 1111 111 111 111111 111 61111111
1111111111111 1111111111 &omem bovatam, regemn, 11111111, lapidem, .
1111111, 1111111111, regum 11. 11. 11111111· -

;- 11) zm 11111111111111111111111, 11111 1111111 1111 11111111
1111111, 1111111111 1111-,11111111 &orm 111111 111111 111 111 111 1111111111 111111
111111, -bus 111 :iz- Ξ111111 11111 11 111 1111111111111 1111111111 1111
8111111111 1, 1111 111-1-1111 111 1116111111 111 1 111111 11 1111111111111,
1111 11111113 111111ὄ111ι1111 111 1 1111 fid) 11111111 11111111111111,
1111 Ι111-1111 (1.1. 111311 11111 1111 et 1111111111 111 {tham 11111111111111
1111111111 111 11111111 111 11111111 1111111111, 11111111 11111 1111111 111
11111 1111 111 &terion 1111111111 &orm 111111 1. Miz-bus, 11-111. 1111
1111111-111111111 1116111111 11111111, 11111 1111 1111) 111 1111111111

2 1111111111 1111111111 111 11111111 1111111111 61111111 111111 1111111111, 111 bie
111111 1111111111111111111111 111 1111.11111.1,1111 111 11111111, 1111111 11111111ί
1111111111 &summm 111 1111111111, 111 1111111111 ιιι 111111 11111111111111111 61111111
1111111111 11111111111111111111111 ε111111111111111111 1111111111 11111111111111-1
11 1111111 1111 1111111111 1. 11 ohne 1111111111 1111111 1111111 man 11111111 1111
11111111 1111-1-111 11. 1111111111, 1111111 11111 111111 1111111111 111 1111. 6111. 111111
111111 ιιι, ιιι, 1. 1. 11. 61111 1111. ’

1111111111 6111111111 ιιιιιιιιιΰιιι ιιι.11 11111111 mad) Cic. 01111, 11111 11111111 1111111
1111111111 11111111 1111111111111111111111111 111 anm, mm 1111111111 ‘t fid)
111111 111 1111111111 1111111111 1111 1111111111 1111111

1) 1111111111 1111111 11111 1111 111 11 11111 11111 1111111111111111111111 111111

1111111 6111111 111 1111111111 ,

 

