6666. vn. 666666 666 86666. 626

xm„ 1. 66666666 66 66666666 666 666666 666 66666666. 1666666616
&tadicum ¹) 66666· verus et 66666. (6166666616. Quae 6666 manent, quam·
vis significata, non 66666666· ¹). Tuan. 1,18.

66666. 2. 66666666 66666666 6366666666 666 666666 66666 666 6666 666.
6666666666 6666 induor vestem, 16666666· 666 666 666. trum. ὅ. 6363, ΧΑ.

66666. 3. 6666666666 666 666 6666666 66666 66 6666666666 6666 6666666666
6666 6666666666 666 66666666 mam 6. 6. 466. Amor, 6666 6666 66666 at. Den-
666, qui genuini vocantur. 6166664. 63666666 bei 6666 66666 666 66666666
666 666 6666666666 6666666 666 66666666 6666666666, 66 6666666 66 6666 cigent-
6666 666 66666 66 Dbiett 666 6666666666 666666. 566 666 666 66666666 &ab
ieet 66666 66666 66666 666666666666 26666666 mit obet 6666 666 6666666666 ab
(6. 6. 376, 3) 6666666 66, 6666 6666666666, 66 6666666 666 66666666 666 666
6666666666 666 66666 666 666666 66666 66666 666 666.

26666666. 666 66666666 6666666666 666 66666 6666 1e= 472
66666 66666 6666666666 6666. 6666666 6666666666 66666 66666 666

6666, 666 6666 6666.

,Pompejus.⁹ .srumentum exercitui navibus supportavit. Caes. B.c.3‚44.
¹ Interfieiam te. 6.(166. m. Cimon complures pauperes 666 sumtu 66666666.
Nep.5,4.

66666. 666666 (66666666 66666 666 6666666666 6666, 666 66666 66 66666.
mit 6666666666 6666666666 666 6666 666 im 6666666666 6666 6666 666 66666
66666 666666 gu 66666ξ666 um 53..- Piso quum vellet sihi annulum facere
cet e..,‚Verr425 6666 66 6666666666 66 666 6666666666

6666666 66666666.
Qun 6666 66666666 6666666666 666 666 6666666666.

Ι. Qum 3666666666.

9666666 1. 966 66666666 6666666 6666 666 6666666666 473
66666666 666 im 66666666 6666666 666 666666 &abiecte uussgefug=
666 6666666666 3), 6666666666 66 6666 666 666666 6666666666
6666666666 6666 6666666666 66666666 666 et 666 6666 6666 666 666
666 66 666 Scit 6666666666 666666 6666 6666666 66666 66666666
6666666666 666 eine 66666666 66666666 6666666, 666 66666 666666 ’
66666666, 66666666. 666666. 666666- 666 66666 666666 -
666 6666 666666 -— 666 6666666. 636666 666666 666 66666666
666 6666666666 666 6666666666 666666 666 6666666666 sinis
6666 66 666, 6666666 666 666 66666666666566666666 666 &hicet

ι) 66666 6666666666 6666666, 66666 6666 666 6666666666.
26 6666 66 6666 6666666666. .
θωεῖίι),6161166666ἓ66664666)6666666666 66666 66666666 6666 einer 6666666666 66666
, . . .

666666666616666666666666666. 666666. Ι ’ 46

 

