272 : 81111111111111.-111111111111. 1111111. 1.

chrysideis 1111111111111 111111 1111111 11111 Bacchides 111 (1111111111
111. 1111111111 31111111111111111111111 (111111 Es [11111 1111111 &tammo
11111. 1111 11). . .-

111111 (111111111111111111111111111111111111 1111 tritt
1111111111111 111111111111111111 &drame 11111111111111111111, [o 1111
11 111-1111111111 111 1 111 11111 reg-um, navi-um, ¹ fructu-um 11111111
111 11111 111 &tiamne 11111111111111111111111 111 1, 11111 o 1111111111
rum (1111111111111111), 1111 1111111111111 111 11111111111111 11111111 111111-
1111,111-1111,11111-111. 1111 11111111111111111 11111 1111 aud) 1111111
1111111111 111 111111, 111 111111111111111111 1111111111. 111 1111111111
11111 61111111 111 1111111 111 1111 1111 111111 1111 in 111 11111111111111
Θ11111111111111111, 1111 111-111, 111-1111, legent-i-um, obet 111111
1111111111 11111111 111111111111111111111 &tamnu 11. 1. 111. 1, 11. 111
11191, 1. 111111111111111 11111111111111161111111 1111111111 111, 1111
ap-um, can-um. Θ. 11111111ῧ.201, 1111. 2.

- (111 1111111111 111 (11111111 111 1111111111 11111ῑί111111 11 111 111 1111111
11111111) 111 111 &tatamen 111 a 111 o, 111111 111111111111111111111111
111 1111111111111111111111111 arum 111 orum einttitt; 1. 11111111-
um, numm-um 1. 1. 119 1. 183 ²). 1111111111111111111111111111111111111
111 1111111 1111ῐί1111111 11 111111111111111 1111111111 1111, 111111 111 111

111111 -11111111111111,1111 1111 bem 1111111111 111 11111111 1111111111,
111181111111111111, poematorum 11. 196„ 21. 1. 1115, 11. 3. Sa 111111
111111111111111111111 111 1111111 11111111τί11 1111 111 1111111111311111
111 1111111111 111111111111111111 111 11111111Δ 111111 111 mit 1111 111111
11111111 11111111111111 1111111111, 1111 111 1111111111 111 1111111111
1111111111 111111111111111111 bovomm, regerum, nuceram, lapidetum, .
leveram, 1111 bovum, regum 1. f. 11. 11311111.-

,- 11) 3111111111111111111111111, 1111111111111111111111
11111111, 11111 1111 111-11111111 &orm 111111 111111 111 111 111 [1111111111
111111, -111111-’11 1111111 tritt 11 111 11111111111111ῶ111111111111111
1811111111 1, 1111 111-11111 11111161111111 111 1 111111 111111111111111,
1111 navi-buu 11111161111111 111 ιι 1111 1111 11111111 11111111111111,
1111111111 11· 5. 111, 3.), 1111 1111 11 11111111 11 ἵ 111111 11111111111111
1111111111111 111 11111111 1111111111 1111111111, 1111111 11111 111111 111
111111111111111111 1111111111 1111111111 1. 111 111-111, 11-111. 1111

· 1111111-111111111 1116111111 11111111, bod) 1111 111 111 1111111111

1· 1) m ’1111111111 111 11111111 1111111111 §tammo 1111 fid) 11111111, 111 111
Μ 1111 ,1111 maweu, 111 1111. 1111. ι, 1111 111 1111111 in, 1111111 nmmo«
1111111111 &unwan 1111111111 111 111 11111111111111111111111111
1111111111111111111111111
*1111111111111111111 mea 111. 111111

'mm 11111011011111111111111111

ffage- 1111111, 111111 et 1111

mmmm-mm ’

d 111111μ.

 

