422 6666666666. 6664666466. 66646461. ·

6666, ulio: 66466 66 66666 6666666. 6646666666) iii: 116666 te peto, 66 666. Do·
lah. 666 G. Fam. 9, 9. uice 4666466 664 666 6666666664, 664 66664 666 666666 iiim “
666, 66 6666466 666 6664664 66666 664466666664 66646, 66666 666 4666666666
66646666 666 61664666 666 &athe 4666466 6666, 666 664 66 nuit 66666) 66666 netu,
46666 66666 6664666666, 46666666 66666666 6666) 666 66666666 666666
4666666666 obet 6664666666 6664666666 6666666 66644 ,64 uidit hortari
rem (6666446666 46646 ie 646 6666664646 equidem pacem hortari uun desiuu. C.
6664164666 mit aliquid 666 66644 quod 664666 dudum hortor cmcat
1, 5. 12. Aliud quiddam majus ingenia me hortantur vestra. C. 06, 3, 25, 447.

64466446 Quid (6646) uon mortalia pectora cogis auri sacua famus! Virg.
Aen. 3, 56. Cives ul cogit omues imperio legumque poena. Cic. ssep. 4, 2. ι
Qui multu Deos venerati suut contra ejus salutem: C.Fum. 6, 7, 666 venerari

46 666 6666666664 666 orare 4666666446 646. &o 66664 666 veum Si quid illu
se velit eet. Caes, 1, 34 (66666 66 66666 666 666 66666). 666646 6666 aud)
mouere 66466 666 666 6666646666 666 46664666 66664 666 666 6666646666 666 &utic
6666666666, 6666 66646666 666644 6666 66666666 66666 4666666666 6666 6664666666
6664666666 666664 4. u. illud me praeclare admones. G. Au. 9, 6. Discipulos
id uuum monuo 666. Quint. 2, 6, 1. §baim 4644664646 multa extis admoue-
mur. C. N. 2, 66. 4666666466 4. 4 364, u. 2.

Β. 6666666646666 646 6646666666 abiut.

317 6666646 au 6644664 664, 4666666 666 666 6664666664 466646 666
66664666 66 66666 6666 666666, 66 et 6666664 66 {Be 4666646664 666
6666666666 664666 66 66666 6466646666 666666(4 (.4,303) 6646 64666) 666646
664 66 66666666 66666666 ¹) 66 466646. 66 446666 66 666466 6666
666 6664666 66666 666 666 6646644666 6464 6666666, nod) 666 burch -
66646666 6666666 666 (4. 6. 6. 6.), 4666666 66666666 666 666 3666

, 66464666, 6666 666 6666 (6646644666, 66666 66666666 4664666)
6666666666 ²); 666666 4666646 66 6466466666 666 666 4666666666
6666646666. 36 6666666646 6664666646 66666 66 666 66 6666·
6666664 666 6664646666. Qud) 66666 66 6666) 666 666 666666
6666 6666666666 44666666 46666 6664666666 6664646666 46 fidu.

1. 6466646666 666 366666.

318 46446466 4. {iet 6666646666 6666 66, 66 66 6666666 6666 66
666 64666 666 6666646664 664666 4666666 646,4 ut 6466 4666646664 666
4666466 unaue 4666666646, 66666646 66646 6666466466 46666666. 66
466646 6646 4466 4666 666646 6666646666

Μ

1) 6666 6666 aui 6666 6666 6666 6666666666 4666666666 6666666666 u. 4 uui.

2) 666466 6666 6466 666666 utcu 66666 466666 66666 666 66466666666666646666 66666 666
6666666666 6666 666) 6666666666 66 6664666666 6466 Cato rogatui seutentiam, 666

6646664 663, u 4646666666 666

 

