111. 1.*111111111119. 11111111. 911Δ

r) 1111 1119191111 6119111111111111 1111111111 61111111
bet 6111 1111111111, 111 11111111 einen 111111 11911111
11111111 1111111111119111. (6.01. 3,50.) (1111111 &estber
“ 1111911 1111111 1111111 1111111111911413-112( 111 1111111111
gibt 11111111 bet 1119119 111111111111 111 6111111111
111111ῥ obet 1111111111, 11111111 111 videtur 111 11111911111111
111. bete 111 11111 111 111111 111 1111111111 Verr.2‚ 92 24·
S. Rose. 11, 30. 11191911 11111 et ben 1111111111 11111111
&perbene 111 11111111 1111111Θ111, 11 in esse videa·
tur (ων, -ν). 1191. 11111111. 23. Quint. 1113. 111118.
ete 9111111111Θ11111111111111111111111111111μν-,11111
111 111 11111111, -w, 11111 1111, 11 1111111 6111111111

1111111111 9111911119 111 1111 111111 11111 1111111.. 11111 bet ’
θ1111111111 ( ----- 11111111111111111111) 111111111119119111
3111111 911 911111. 3111111111111 111 &bleffe 11111 &berb
1111 91 [11911111 11111111191111111111 1111111 einfblbis
911, menn 1111 111 11111111911111111111111911111111111
11111911 111 11 119 11111111, 111 eb 1111111111 91111111 111111
91111111111111,111111111111 est (1. 6. 18, 1111) 1191.

1) &ab 11 bet 1111111111 11111 111111 1111111111 11111
beree 1111111111 11111, 11111 [bon 1111111 11111111111111
(Quint. 9, 1711 babet 1111 (Sibero (01.3, 47, 182) 11111 1111
111 9111111111 11111 111111119111111. , 1111111111 11111 111
1111111111 §berse 11 91111 1111111111, mie: Urbem Romam a
principio reges habuere. Τ11.Α.1,1; 111 1111111111 11191111
111111 1111111111 111 Facturuene operae pretium sim. 11191.
Interitus nullos ultores esse videbam. (11111196. Senatus
11111111111911,111111νὶ111. C. c'ar.1,1 (1111111111). bb 11111
111 1111111111 11111 1111111111 111 91 9111111 31111191
11111111, 1111111111 111 11111111 9111111 ¹). 111 1119111
1111 111 Θ1111111Ῑ119 abbeie„ 111111 1111 11111111 11111111
11111 111111, 11 111 11111111111ῢ1111, bei 1111111111
iene 111 11191 1111, 111 6111111111 1111111111 9111 1111111111
9111111 111111.

brem. 11111 111 1111111119 111 111 111111119119 111 1511111111
111111 11 1111111119, 1111111119, 111111111111111911131111111111119
1111111111111111 1111191. 1111111 11111 11911111, 111 111 1111911111

lb ὅ. §bebba 1812111 1111111111.

 

