555. l. 555555 5. 555555 555 5555555555555555555 . 703

apud Scopam 5555555 id 5555555, quod. 55 summunt, in quo multa 55·
555ᾱί nausa 5555555555 moro in Castorem ’55 Ρ51155555 scripte 55555. (Θ. n.
g. 556 5555 555 55555555 555 (5555555555.) 5555 555555 55555555 5555555
55 5555 555 555 55555555 555555555555 555 551555 5555555555. ,5555555 55
5555555 5555 55555555 55555555555 55 555555.

55555. 4. 55555 555 5555555555 55 555555 55555555 5555555555, [o 5555 55,
55 55555 555555 6555555, 3555555555. Homo, qnod 555555 videt, non mi·
ratur, etiamsi, 555· fiat, nescit ²). 55555 555 95555555, 555 5555 55555 (5555
55555555 5555555. 5555555 55555555 55555, [o 55555 55 5555555555 (protasis) '
555 555 59555555 55555555 (55555555). Caesar quum 651155 vicisset, no-
mam rediit. 3555555 55555 55 55555555 5555555555 5555 [o 5555 55 55. &ts
555555 55555 555 5555555555 555 5555555555, 55555 5555 5555555555555555555
5555555555 (simet narravimus, ita 5555 sunt omnia) 55555555 5555555555 555 uota
5555555555 quum 5555 555 55555555 55555555, tum, 55 55555555555555555555
555 3555555555555555 Quum in 5555 sententium pedibus 555555 issent, 55555
demum (55 5515) litterae 5 Terentio 5555515 allatae 5555. mma. (55555
555 55 555555 555555. 55. u. 5. 580, 551.) 555 5555 5555555555 555555555555
55555555 55555 555 mit 555 5555555555 555555 55555555 55555555.

55555. 5. 555 55555555 55555 55 5555 55555555 5555555555 555 ate,
55555555. 555555 555 5555555555 5555 555555 55555. 5555 55555555 55555555
15555 5555555 555555 555 (5555 555 55555. 55 555 5555 555555 555 5555555555
555 [55555 55 55555555 55 5. 55. -5555555 555 wrm 5555555555 5555 - 55555
55 5555555 555 555555 5555555 555 5. f. 55. 5555 555 555 5555555555 5555555
55555 55555, 555555 55 55555 5555555555, 55555 (55 5555555. 55 5555555 5555
5555555 55555 55555555, ,55555555 555 55 ...5555555 5555555555 55 555555
555555. 55 tt. anstatt= 55555 55... 5555555555.

5555. 5. 555 5555555555 5555555555 555 5555 5555 555555 555
555555. 5. t). 5555 55555555 5555 5555555 3555555 555, 5555555555555 55555
5. 5. 55555 555555 5555555 5555, 5555 55 555 55555 (555555 555555555555).
55555 555555 5555555 5555. 5555 55 55555 515 (555555 555 5555555555 una
5555555555). 555555 555555 555 555555555555 1555 55555 555 55555555 55 555555
5555555. 55 55555 55 555 555555 555 5555. 555 555 5555555555 5555555555
5555 555 (5555555 55) 555 5555555 55555 5555555555555 [555 5555 55555 5555
55555555555 55555555 5555.

35555. 5555 6555555555555 555 555 6555555555 555555 555 522
555555 555555 5555, fo 5555 555 555 555 55555 (55555555 ’5555 555
5555555555) ῢᾶ55555155555ς mie: Lego 55 scribo. Cupio, ut venias.
Ennius Deos esse 555555, sed eos 'non curare res humanas opi-
natur. Ennius Deos non curare opinatur, quid agat huma-¹

num genus. 555555 5555 55555555 bei: 5555 55555555555555
&dee 5555555555, fo 555 5555 5555555555 5555 5555555.

1) 5555 3555555555 555 5555 555 55555 5555555555 5 55 5555555555. 555555 5555555
55 55555 5555555555 55555555, 5555555 5555555 555 55555555 55555 65555 5555 55555 555·
5555555555 tritt. scripsi 555 primum (idque jucundissimum ent) do adventu fratria §bouet

555 5555555 quod - erat 5555 55555 3555555555 55555. .

 

