562 3)313333333)313.Θα3.333)3313331333

3) 11333 1333333331333333331313333 3133333 33333 33333333313133) 333 3333331·
31333), 333 33333 3133333333333, 333333 3333333333 3113331333 333333 &see
333 1133333333 3313333333333333 333 333331333 33333313 ist. ,3333 irascitur
3333313333 Deum 333331 13313333 3333333, 3333 333 (33333333 313 333
3333333333333313333331313 313. Quaero, quis adfuerit, 3333331333, qusuu
puerum dicasset. 3333 3333 3131311333 133 33 33333 3333 13333 33333, 333 33 333
3333131333 33333333 131, 13 33 3333 331333333333, 333 33 333) 313133 333 313 31333133
3333133333333 333 3333133333 3331333, 3333333 3333333333 333333 31333333
33333333, 33 333 333 33333 33333333 333 3333333 3333 &abiret 313
31333331333113313333. 93. Nescio (ignoratur), 3333333333· 33333133333311
uesciu 3333, quam agis 1).

11331333 3333 3333313333 3333 33 3131333333 3333333333 333 333333313133333
summoturum 3333333333 333 interrogativas 3133 3313113333 ,1 3333333313
313333 333 333333333313333), 333 Si quis 11333 31333 HuuSat.1,1,15;
Quis eques.. .in Ca ³5agtoliu 333 333ῗ3ωέἳᾞὲἰὲἳρὴ7ὧ3ἕ ;533 ἰυίενῗὲῐὲοῦεηῑ 235
ἕξιῗιειιᾟρΕῑῒιῇξέξῑἭ Cat. Q, 111οΜ311113 3333 333333 33333 ’31331333 3313 333333 ·

)Ξ3333313333133 333333 &inne

124 83133333 8. 333 3133333333 333331313333 333 33333 333
3333333333 33333333313333 33333 quisset. 3333) 313 333333333333313
uliquis 333. ²) 333133333133313333 333 33333333 333 (31333),
3133 (3333) 333333), 3333331313333 313, 3133, 333; 33333333 3331
33333) 3333 333 333333333333333 3333333, 133333 31333, 133333
3333, 3’3333; 33333313133333 133333 333 3.

Potest quis, quum divinationem 3333333, 333333 aliquando. c.1›iv.1,³2.
Nunc aliquis 313333 mihi. Hor. Sat. ¹33* 19. Frustra 33 siue 311333ᾳηί313-
3333 333333331333333 est. (313332. 31]. Unusquisque Cocliti aliquid, 1333-

3333 33 ipss 33333 suo, 33313313. Liv.2,10. Si quid 333 33 333 ingenii . . .

’ 333 si 333 exercitatio 3333333 . . . 333 si hujusce rei ratio 3113333331. C.
11333. 1.

1313 6333331133 3333331333 3333133333 33 3133 3333331333
13133333 3333 &udus 3133 3333333133 333 3333333133 33333 fic 333
333333333 3133333 3333 &athe 313 3333313313313 333 33331331 331,
333 3333133333 333 3333333 13333 3333333333 3333) 333 3333313333

3133333133 3333333 sensus 333. (3313333. 1, 5,6. Si est aliqui senum iu

1) 313333 313 333331333313313333 9113333 33 33133131 3331133 3. 1131333311, 11331.

111131 31333 {surm 331331133ιί3) 33 3131 33333133 3333 313 alius quis 331 bittunt 11111
(133333 131, 333 es 3133 333) 313 333 1313333 3333 13 313333 33333333 333333331133313
3.,,411 11. 1), 113 3331311333 31333 33 3333331333, 313 333 31333333 3333333333 3133. 0.
33333 33 33133313 1333. 331. 13333333 113333 333) 33313 311 rus 311ι 33313 3333 aliquus 31133 333333
3333311313333 13.3.1)1 13933311399,3433.,311),1ιιι.9,19, 9,93, 9,.33 1133313333 3333113
333111) 33 3313313 33311913 33333333331333, 333333 131333, 31331331333331
3113333 3333333193 3331333, 31333331) 333 3333133333 3331333133 3333333333
31333 3131 13 33333133333333333313333331193331311133.3 3131331 11333 313 3333313333
133 1133333333 33 33333 1131313 133. 1133311, 33333 seres 13. 1, 3 111

ἱ

 

