6616 6668661636666616136 nepocsano 8616. 16174

cuneo 87. “
cupio 87. 193. 1533.
66116118.

Debeo 198.
decep 155.
6666116 87.

6666661 155;
6666 1183.
6616666 116.
6616116661 131.
6636 116.

deleo 85, 3. 9. ὅ. 76.

96. 1.
6611666 117.

6611666 87.
66666116 136.
66166191.
66366199.
despicio 119.
66161161 131.

6166 161, 5. 119.
6111616 119.
61161661133.

diligo 116. 119.
6116166199

dirimo 116.

61666 161, 3. 5. 118.
61666116 196.
disperdo 1183.
61636666 199.
distinguo 119.
divido 196.

66 85, 16. 9. 196.
&docco 198.

66166 161, 3. 5. 198.
66166 199. ·
dormitorio 136.
6666 161, 5. 119.
Ebrio 87.

666 116. 118 3. 111.
6366198. s
61161687. 119. 199,
6611666198. ·
cmo 116.
61631161168336.
666666 .

00 85 κο 2· 1⁴⁴·
esurio 136.

evodo 196.
exardesco 191.
excandesco 191.
6166116199.
6166116196.

exeo 111.
6161666198.
61136116.
6111116116.

616166 85 11. 9. ’

61616666 86 3. 9. 191.

6136136661 131.
experior 1351

exscindo ὅ. 133, 91. 1
exstinguo 119.

6166 85, 3. 9. 117.
[1666666193.
1661687161, 5. 116.
16116118.

1611116197. ·
161185 3. 9156.
161661· 133.

1611666 1913.
1666661131.
16166195.

inim, 161616 6. 1616
165, 6, 6.

senno 116.

16116136.
16116181.
16161615. 191. 119.
1616616136.
concessorem 116195.
666 11.·- ’
636116. ¹
6666116, ·
6636119.
66116.
dcccco 198.
116166 136.
flecto 119, 3. 5.

166 Θ. 76, 91. 1. 85 39.

11136 119.
116 85, 3. 9.
66166 198.

666 85, 3. 9. 115, 1,

B. 9. 119, 3. 9.
16616 81. 116.
166166136.’
loro 69, 3. 3.
16166195. .
116636 116. “
116616 199.
frendo 199.
11166199.
111366 191. ·
6136119.
1166666198.
11661161, 1. 131.
16316116.
161616197.
161366197.
16666116.
166361131.
16116 81, 3. 5. 1.
1616191.

. Gaudeo 71.

gemo 199. ·
3616 119, 3. 1.

31366 199.

3166166136

31661687. ..
glisco 19116 ²³
316616136. , Γ ᾗ
globo 191. ·· ’·
3111616187. 131.
Habeo 198. 1¹ ‘¹
666166 115,-1,·11.9. 197.
1166116115, 1, lif 9. 197.
6616153. ς,
66666136. ,212
61687. ’ ·’
hisco 191. 5.. ‘- ⁶ ,
1161166198. ζηῃ
666166 136. . ,
16116 *1
ignosco 161,1.· ·‘
illcq 666 87. ¹
11661687119. “
imbuo 85, ese-'117
16161666 198136
1163161116135.ς
impleo 85, 3. 9.
1666666 116. ·· · ·
1666666193. ⁴·
1666116196.
1661366198.

1666 118 3. ν· ’

· 16661366 197.

1666685, 3. 9. 117.
ineptio 136,
161136 119.

“ 166166 85, 3. 9. ¹

inolesco 85, 3. 9.
1613666119. ·
inspicio 119.
intelligo 116. ,1
161616166118. ’
16161166 116.
1616661131. ’
1166661131.

Jeeeo 198.

'jacio 87.116.·

6666 9 198, 913 llll,
1, Β. 9. 197.

jungo 119.l

3616 161, 3. 3. 161, 1.
clii} 111.

- 1666666 193.

16616 87.

166166 136.

16666 196.

161666 116.

166666 87.

1663666 195. 198.
1613161 136.

16166 198. ,
ltro 116. 1931 ,

 

