311. 111 811111 611111. 53

mauman-uem &mmmm ¹³⁶0, sum,
*mm* (ml ὅ· ⁴⁸0 Μ ¹·)e ²⁶⁶ quum-idea
111. 1111111111 111 1111111111 1111 111 1111116111
monitat 111 611111.

&ic 11111111 11111, 1111111111 11111 11111 ’1111111 1111111117
111 lange 111ῑί1111 11111111 31 111 &egel 1111111111 1111 11111
1111111116 6111111111 111 1111111111 11111111. (6. 11111111 111
&gabe 11111 1111 1111111111 11111111.)

1) 11111111 11111111111 61111.

a) 3111 11111111 11111 11111111 (1111111111, 111 11111111,
111 11111111 111111), 11111 111 11111 &ube 111111 11 111 111111
(W) 111 1111111ιῇ11 111111 1. Q: Ttaliam 11111111 primus oon·
1111111 1111111111. Virg. Aen. 3, 5231). Ρ1ἰ11111111. 11. 3, 346.

1) 1111 11111 11111 1111111 (11111111,111111111111111111)
11111111 11111111111,1111111111 1111 1111 111 (11111 111
1111111 1111111, wie: Desine plura pub'r! 11 quod nuno instat
agamus. Vir-g. Ecl. 9, 66. Te 11111 11111111, magna 1111

1111111111. Tib. 1, 7, 61. Morte nihi'l opus 111, nil 111111-

11111111. ovid. Pont. 3, 1,113.

11111. 1. Ι11111111 111111 111111 111 (1111 11111 11111111 1111111111 111
11111111 111 1111 1111111 111 11111111 111 111111111 11111111 1111 1111111111
1111611111111,1111111111111 111111, 118. Nereidum matri 11 Neptun6

111111. 7115111114. 11 11111111 1111 111 ν1111111 (1.1. 18111 111.
11111111 mit 1111111111 11 111 111111, 1111111111 Ionio in 111111. 1111.
Aa 3, 111, mue 11111111 111111 1111111111 11111.

2) 1111111111 11111 111111 Θ1111(8111111, 111
wormac, 11111111111111), 11 1116111111 1111 1111111 1111111111
11111, 11111111111111111111111111111111, mie obstupui 11111-
runlque comae. V 111. Aen. 3, 481 111 111111 111 111111 ς1111
11111111 [ebt bfiufiss (1· 1· 521 2).

1111 1111111111 111 611111, 11111 11111111111111111 1111111
1111111111 111, 11111111 111 11111111. 1111191111111111811·
1111111 (synaloephe 111 8111111111) 1. §. 20, 21. 2.

11111 1. 11111111111111 &albem 1111111 1111) 91111111 11111111, 111111

111 11111 111 111 1111111111. 1111111111 11111 11 111 11111111 111 1111111·
1111 11111111 111111 &pruche 111 1111111111 1111111111, 1111111111 11111111

--.-—--

¹> ὃν· ἀπα mou 11 111 111111 111 worm 111 11111 1111111 111 1111111111
*mmmm 111 i 11 111111111111111111, &ntum 111111 11 111111.
’1611101111111111111111111111111111 mmmm.. 1111111111
mm·2⁸:(c-)·nuwmm

 

