111111. 8118111111. 11111111111111. 181

b) 8111 8111111111111.

1111111111111111111111 1111111111 1 11 1111111111 112
11111111111111111111111111118111111 181111111111111.
6111111111 1111111111 1111111111 (11111 1111111 11).)11 81111 111 18111111
11111111,111111111,1111111; 11111, cucurri. ’1811 1111111111 1111 mit 111
1111111111 111 ὕ111111111111 1 11111, mittendo, tetendi3 11111, 11111111 obet
11 111 8111111111) 111 11111111Ι 111 11111111 111111111111111, 1111111111,
11111111 1111,111111;11111, pepuli. 8118111111111111111111 1111811111
11111 111111 111 11111 1111111111, 11111 spondeo, spopondi.

2) 1811 11111111111111 81111111111111111 111111111111111111111111111
111111 1111111111111 11111811111111111111111 (1.1. 1011. 1, 1),
8111111111, 1111111 pango, pep33i3 11111,;111111; mit 2111111111 1111 1111,
1111111 1111 111111 11111 111 1111111111 1111111111 1111181111 1111
tutu 1111 {n 11111, 11111111 11111,111111. nod) 111111 111 81111 11111, 111
111111111111111111811111111 1111 1111118111 1111811111 111, 1111 11
11111,111111; 1111,111111; 11111111 1111111111 11111 11111111 111111
1111111111111111, 1111 curro, 11111111111111, 1111111111 11111,1111111; 1111-
1111,1111181111111111111111111111111111111111.

1) 8181111111111111111 1111111111 111-1111111111 81111111,
1111ςὶ. 81111161111111111111,111,11111,11111,11111,1111111)111111
mro 111111111181111181111111111,1111111(111111111111111111)
11111111,111111111, (11111111111111 decurri.

4) 111111 1111 1111111111111111111111 11111111 1111 111 11111111111111
111,181111ςί11111111,11111111;11111111111111111111111.

’1)(111111 81111, 1111111 1111111111111111 111111 1111111, 1111111111
1111111111, 1. 1. 111, 111111, 11111,

11811 1111111 1111111111, 11111 811111111111111111, 1111 111 111111
11111 111 811111 111 81111111 1111111111, ’111 11111111 8111111111 111111
11111 1111111, 3 8111 111111,11111111 1111111 1111 1118111111111111111
11111. 111 11111, 111111, 11111111 11111 111111 1111111111 11111)11)18.1111 per·
11111,11111111.8.1.111.

11111 1111 111111 1111111111111111 1111111 1111111111181111111111111
11 11111111 11111111 111 8111111111 111 111111 811111 111 8111111 1111111,
111 1111111111 1111 in 1. 81 1111111118111111111111111 1111111111 111111,
111 111 &tamin 111 ς1111111111 1111 111 ’11111111 1111111111111, 11111 111
111111111111111111111 11111111111111111113. 8111 1111. 11111. 111
8111111 111 1111111111 111 1118111111111 1111111111 3 8. mandit,
1111111111111111,1111111111111111,11111111111111111111111.1188111111.

2.1)111111111111-11.’

811 1111 81111111111111 111 1 1111 111 1111111111 111 11111111 111 113
811111 11111 111 111114 311 1111111111 81111111 11111111111111 111. ”

1111,111111111111111111111111111111111. 3ῗ1111111111111111111111111

1111111111(111 1111111) 1111 111 ’11111111111111 111111 11 111 111111111111111111111
1111, 111111111111 111111 nod 11111111111111111111111111 1111111111 11111
1111 1111111 1111111111111111111111111111111111111111111 1111111111111111 ,
111 1111111111 111 1111111 11111111 111
1111111111111111181111111111111 1111811111, 111. 1111111. ἰή· “

 

