111. ιιι, 1111111111. 11

16111111 1111111 {ft coutrfiymus. 6111111 111 1111111111 mune, 1111111111,
1111116111111 (11111 Q 16, stat. 1.), 11111111161111111.

III,v 11111611111 111 6111111 1111 111 1111116611
6111111111116111111.

611111111111111, 111 1111111 1111111111 6111111 11111111, 57
1611111 11111111 methea. 611 111 611111 1111111111 1111111111
6111111111 6111111111 111 111111111611111111111. (Q 11111111 111
6111111 11111 111 1111111111 6111111.)

1) 61111111 11111 11111111 61111.

166111 11111111 11111 6611111 (61111111,1111111111111,
1111 1111111111 111111), 111111 θ11 11111611116111111111 6111111
(111116)1116111111111111111;116111ιί1111 Ttaliam primus 111·
1111111111111111. 1111311113, 5231). Ρ111ι111111.16.3,346.

b) 11111 61111 11111 Ι1611111111111111,1111111111,1111111111)
1111111111 111111111111,1111111111 1111 11111 θ11 611111 111
1611116 11111111, mie: Desine plura 111111 11 quod nuno instat
agamus. Virg. Ecl. 9, 66. Te canet agricolci', magna oum
1111611111. Tib. 1, 7, 61. Morte nihi'l opus 111, 111111ιί1- ,

1111111. 01111.Ρ1111. 3, 1,113.

111111. 1. 11111) 1111 111111 61111 111 (1111 11111 11611111 1111111111 111
36111111 111 1111 1611111 111 11111111 111 1111111111 1111111111 1111 6111111111
11166116111611, 1611116111111 111111, 1. 16. Nereidum matri 11 1111111116
Aegeo. Virg. Aen. 3, 11. 61 11111111 1111 111 611111 (1. 6. 18111 11).
1111111111 11111 6111111111 11 11161111, 1111 111111ιῖ1 lunio in ιιιςιι. Virg.
Aa„ 1, 111, 1111 11111111 1111111 1111111111 11111.

2111111111111 111111 1111111 61111 (8181111, 111
wormac, 111111111111111),111111 61111111 1111 611111 6116111
111111, 1111111611 111111 1111111111 611111, 1111 1111111111ιὸ-
111111111111111. V irg. Aen. 3, 48,- 11111 611161 in 611111 ς6115

1111111111 1111111111 (1. 6. 52, 2).

3611 6111111111 θ11 (611111, 11111 111116111111111 1116111111
1111111111 1111θ, 111111 in 111 61111111. 6111611111111111611-
1111111181111111111111 8111111111) 1. 6. 20 , 11. 2.

1111112. 6111111111 111 611111, 111111 11111 61111111 1111111, 111111

111 11111111 111 6111111111. 3111111 1111 11111 11 θ11 11111111 111 11111111
1111 11111111 111111 &pruche 111 1111111111 1116111111,1111111111111111111

...-——-

1) 611 11111 1111111 111 11 1111111111 111 1611111 1111 11111 1111111111 1111 61111. 6111111111
1111111111161111111111 1111111 111 1111111111111111, ιῐιιι 1116111111 111111 11111,111111
1111111111)1111111111111111111.(111111111. 11111111 ditantis. 0111111111,
111111111161 (cum) ιιιιιι ιοιιιιιιιιιιιιῑιι 11111

 

