441 · 1111111Ξ1111.11111111.111.11111 1.

1111111111111.,11111111--11111111111111111111111-

saris: Caesar 1111111111 mors Caesaris: Caesar 1111νὶ11111

levitas opiniqnis = opinio levis est‚· caritas patriae: pa·

1111111111 1111 1111 11111 magnatio urbis = eccpugnat

(aliquis) urbem.

1111111.1.1111111111111111111111111111111111111111111 111111111111111
11111111 1111 1111111 11111 11 11111111, 111111 11111111 11111111111111.11111 1111
11111111. 111111111111, 1111111111111111 111111. 1. 11.- ,111111Ι 111
1111111111111.1Ι 11. 1111 111111111111 11151111111111111111 11111111
1111111 1111 11, 111 111 1111111111 111 11111111 111 1111111 1111111111 11111

1111111111111111111111111 11111111, 1111 11111111 11111 111111111111111, 1111 111
,1111111111 11 1.1.11111111111 11111111 111 1111111111111111 1111 Ι
11111. 111111 111 (11111111 1111 1111111 11111111 111 11111111 111111· 1111111111 1111
1. 111113.

111111. 11111111111111111-1111111111111111111, 11 111
11111111111111111111111 11111111 11111111111111111111111111111,11111 11111
1111111111111111111111111111111 1111111111111111111 1111111111, 5st=
1111111 111 1111111111 111111, 1111111 11111 1. u 1111 1111111111 111 11111111
111111 lux solis 11111 1111111111] 11111111 111. · 111 1111111111, sol efficit
111111,11111111 111111 (11 1111111111111111· 111 111 11111111111111111111111111111
1111111111 11111111, 111 11) 111 ein Genitivus possessivus 1111111111111111
111111. 11111. 1. 331.

111111 3. Se 1111111111 111 11111111 111111 1111111111 1111 11111111 1111
1111 1111111 11111 111111111111111, 1111111111 1111 111 111111111111111
1111111111. 1111 111 111111 11111111111111111, 11111111 111 11111 1111 111
· Ι1111111111111 1111111111111111111111 1111111 11111, 1111 1111111111 111
11111111 (11111111 111111,111111111111111 1111111111 11111 ’111111111111 11111111
1111111111 11111111111111, 111 11111 11111111 1111 Ι1111111111 11 11
1111111 11111· , 111 . 1. 319. Ι1111 1111111111111 1111111111 11111111 11111111
1111111111 111111 11111111111111111; 1111 1111111111 11 1111111111 1111111111
1111111111111111111111 111 111111 1111111111 11111. “

' 21111111111111111 1111 11111111 (111111111111111111 1111111
111, 11111111111111111111 111 1111111111 11 111111 111111
111111111 111111 11111111111111111111111111111. &o
11111111 1111111111111 1111111111ιί 111111 1111 ,11111111
Lucullus 1111111 hortum 1). 111 (31111111 111111 1111111111 uss

' 11111111111111111111 1111 &abiecte 11111 1111111 11111,
1111 111111 11111111 1111 11111111 11 1111111111 1111 11113.

11111111111.1111111111111111111111111111111111 1111111111111111,1111ι
1111111111111111111 sum 11111111111,11 111 11111111 111 11111 111111111111111
111111111111111111. 11111 1111 111111 11111111111111111111111,111 1111 1111111
1111111111111111111111111,111111111111111111111111111 1111111111
111 &siuns 11111111111111111111 111 &suns 11111111 1111111111111111,1111
1111111111). ’

 

