111· 1. 1111111111. 1111111111111111. 121

b) 11111 1111111111111.

1)1111111111111111111111111111111111111ῐί1) 11 111 1111111111 112
111111111111111111111111111 1111111 11 3. 1111111, 1111111.
1111111111 11111111 1111111111 (11111 111 1111 111111 111111 1111111111

’ 11111111,111111111,11111111 111111, cucurri. 1311 1111111111 1111 111 111
1111111111 6111111111 ο 1111, mittendo, tetendi3 pendo, pependi3 1111
111 111 11111111111111 11111111 1111111111 1111111111 11111, 11111111,
peperci3 1111, 11111111ροῦ1, pepuli. 1111 111111111111111111 11 111 11111111
11111 111111 111111111111111111 11111 spondeo, spopondi. ’

1) 1111 111 11111111 111 111111111111111 111111111111111 1111111111
111111 1111111111111 11111111111111111111111 (1.1. 1111 1, 1),
1111111111, pup1⁰13i3 pango, 111ρῖ111 1111111111 1111 1111111111 1111111,
1111111 1111 111111 11111 111 ς1111111111111 1111111111 111111111111111 111
11111) 1111 11 eido, 1111111 1111, aedui. 11111) 111111 1111111111 1111, 111
111 11111111111111 1111111111 1111 111111 111111 1111111111 111, 111 11
1111111111 1111111ρό1111 11111111 1111111111 1111) 11111111 111111
111111111111111,1111 curro, cucurri3pemlo3 11111111 tendo, tetendi3 1111·
111, 1111111111 111111111111111111111111111111111.

1)111311111111111111111111111111111111111111 3 p. 1111111,
111111.1111111111111111111,111,1ἰ111,11111,,11111 111111111111
11111 1111111111.11111111111111111111,1111ἵ11111111111 1111111111)
11111ᾱῖ11,1111111111,(111111111111111111111

4) 111111 111 1111111111 11111111 111 11111111. 111) 111 1111111 111111
111,1111111111111111,1111111111111111111111111111.

’5)(111111 111111, 111111 11111111111111 111111 1111111, 1111111111
1111111111 1.1.111,11ἵ111,1111,

) 1111111111 1111111111, 11111 81111111111111111,111111 111111
11111 111 1111111 111 11111111 11111111, 111 11111111 1111111111 111111
1111111111;1.11.111 111111, 1111111 111111111111111111111111111
1111111111,111111,1111111111111111111111111111)111111111-
11111,111111ῑ Q §. 111.

1111. 111 (111111111111111111111111111111111111 1111111111
11 1111111111111111 111 1111111111 111 111111 1111111 11 21111111 1111111,
111 1111111111 1111 in 1. 111 111111111111111111111 1111111111111111111,
111 111 &tantm 111 11111111 111111 111 11111111 1111111111, 11111 111
111 11111111111111111 111111111111ἓ1111111.1111111 1111111111
11111111119111111111111111111111111 1111111111 3 11 mandit,
1111111111 lambit, lambimus3 11111 11111111111111111191111.1111111111.

2.1)11111111111-1ὶ.

1111 11111111111111111 111 1 111 1111111111111111111111111 113
mmet 11111 111 111 §- 24 3u 111111111111111111111111111111111. “

1111111 11111 1111111) 1111111111 11111111 1111. 33 1111 111 mre 1111111 1111111

1111111111(111 111111) 111) 111 ’1111111111 11111 11 111 11111111 1111111111
1111, 1111111111 1111111111111111. 11111111111111111.11111111 1111
111) dedi 111 1111111111 111111111111111111111,11 11111 1111 1111111111 11 ,
111 1111111111 111 1111111111 11

1) 11111111 111111 111 11111111111111111111111, 1111111111.

 

