311 551115. 1043

1555 5. 071, 11. 4. - 1151055551 1511511510716, 8111515 111111155 111
50711. 1. - 11551151, 11. 111 51110. 11511111. 108, 3.
viden 1111 videsne 13, 7. ³· 51115151, negati„ Θ. 568, 21. 5. -·
video ut, 51 577, 11. 3. - num 0. 5111555 15511 11511155055003, 0. 1.
111131115ῃ1159111Ν515. 1151111113- 3311851232198111111184011111137 283, 2.
5. Gen. poss. 343, 2.-115111 346. - 1174931521, 3 524.,-1061ι
1, 1.-555.155. 5. 151. 570, 1111 1511551 5555511111511, 115.
ὅ. 776, vt. 1.- Nom. 5. 151. 579, unus, 1111111171 236, 249.’-“1311711111
“ 1. - 5515115015 005, 1. 1. 430, 1.- 15 11151. 1111155551.
11511515, auant. 50, e, 3. 140, 11. 1. 7- 555 11515 5511115115
videtur, 6119101521 1021171111688, 5. ten 91171111 Ε. 579, 21. 1. - 1111111
vigeo 5. Abl. 388, 2. 1151551111,ἰ1).336,,2.2. .
vincere 5. Aeo. 394. “ unus aliquis 427, 21. 2.
vir, Quam. 43, 1. -4111111511111 339, unusquisque 429, 1.
111. · ’ 111551, 0511155115 8. - 155 1 11 6115
viri, mit 8511515115 15155515511151 tet 1101515111 1101511815 5.· 8,
143, 5. 0. , 11.1.;5115151151ι51511114.-
virtus, Gen. 11155. 106,5,1, 1, β. 11511111, ,11. - 0151111551 111
-515, 5111015165151555 11140111. 1155511 18, 5. - 1151511555 111
109, 1. 111 1111111555 13.
vis, Ace. 511111. Sing. 195, 2 unffi. 155511555115555115151115 22 3 41-
- 6551155. 1065, 1, 1. 4111515515151555555115351511
vivere 5. Ace. 394. 1701117 21317111 57, 91. l.
vix, 1111151115 510, 11. 6. 1155511111 01615151 111 3. 0161551155
vixdum 633, ,3. 1051015.
5115151. 111111555115155 , 105, 5,1. 11515115 115 1. 0151. 5111111 1801.
-ulis, 5111115511151551, 255, 5, 6.- -111511111. 15151155 115 1. 0151.
51155,1151551130.-11115155 430, 55155515103,11.3.-1111515
1.-15515511515 561154 ,15 115 5511104,1.-1151511111551
430,1.- 0113551550111115 1, i‚y,eu‚ 5, u 106, 3. ·
5115560311. 1.-1511111555551 0555115 151 1155155115 111 115 11.
16515 5103115151555 111 15111510. 11115115 111 115 11111115 109, 1. -
ἒ114 ,11. 1. - 11515155 511151. 1111151155 111 5551111 15. 018, 14.4
· 15,11.11.3.-1111151)155.155 - 5115155 005. .
quisquam 6. 568, 21. 7. voco 5. dupl. Α55. 308.
uls=ultra, 249, 5. 2. 1. 15551 5. 115111. Nom. 294, 25 11. 2. 3,
ulterior, 9111111171 229, 11. · volenti mihi 511 aliquid 366, 2. 3.
ultimus 1117 ultima 5115 404. volo 5. 0511. Aee. 316, 21. - 5. Part
51715231111111151329. K 75101555. 496, 5.-,5147112 13
313Ῐ13815131195755555, 55515 5-601518555311311-’119113163
15151. 1515515114, 555 5.-111.
-um 1117 5551111179, 2.- 1111 51551 475, 2. ¹3 564,“1; 567, 1. - 1117.-
183, 3. - 1111 -1111111 199, 2. Perf. 11511 Ρ1151. 477, z. 2.-115
1151111555 677. -. 555 01115115 678, 115115515551011511151155515 001,1.
1. - 1111 911115151131111, ih. voluens, Gen. 1111. 196, 5.
6511015011 81111111 238, 2. 2. ·- Ε. volupe, 1111. num. 51 cas. 224, a, 2.

174, 11. 1. ’ 5555511155 111 5511111ἆὲξί 11 15

uncia 749, 4. ’ 11111177 8601678256. ,21,3.
1555111155 10, 2. l. · - 11511511511115151111115 &ay 11.
5515111111555 147, 1. 1. 111 15111515115111556 15608, 81.
5511555115,61131516517101ὗ.788,21.1. 2317117110 21, 91. 4 37 .
-55155, 051555 111 Ger. 105, 7. 15511111 55111, 1515511551.
unguis, Abl. Sing. 195, 2. 3. voti damnari 354, 21. 3.
1551111510505505511155 15111515 -ur (5515) 111115511151551, 151115
11511111 1115551111 00011 070, 3, 4. 1555 100, 5.

66·

 

