218 30000 0000. 00000000,- 000001,

c 0000000000 000.οιιο0

0000000100 megan.

208 1) 00 00 00000000 000. 00 000 0000 00000000 000000 -
000 000 00000 000 0000 000000οἰ0 000 00 00000000 00
000000 000 tter 000 0000 00 0000 3000000000 0000000 00000

culina 000 00000000, 0000ιο 00000. ·

,000 1. 000 0000 (0000000 eft 000 0000 000 gu 000 000000 00
000000 0ιο0 0000 0000 000 000 0000 00 00000 0000000οο gu 000000ῐο
000000 10 000 00οι0000 000000000000 000 00000000 0000000, 00187. ·

000. 2 00 000000 00000000 000 00000 00000 0000000 000 00 0000.
000 000 000000 (f. 0 223); 0000 aplons s,rinp oes‚p feix‚1 00 0000 000
0000000οι 000 800000οι 0000 00 000 00000οι 0000000.

2·)0000 000 0000 000 00 000000 s 00000000 0000
000000 s 00 000 000 000000ος 000 «00000 00 0000 00000000
000 00000000 000 00000ος 00 0001 00 000 000 00 0000000
000 000 [et 000000 0000 00 00000 0οτ 000 000 Genus neutrum
0000000 >
’0000000000 {ft 000 00 00 000 00000000 01000 0000 (=u
00 00 000000000000000, 180) 0000οἃ000 000000 m 00

0000 00000 00 00000000οί00, 000 000 00000000.
000. 3. 0000 ιιι 00000 000 ι 000 000000· 00 0000000 000, 000
000 bei 000000 000000000οι 0. 0, ιι,ιιι ιιιιι· f;.§. 032. ·

0800000000 00000ίο

209 1) §Rei 00 0 0000 0000000000 00 00000000 0000 000 00000
ist 0000 000 0000000 00000000 (s 000 m) 000 0000000000
000 00 0000000 000 0100000 gu 000000, 0000 00000 §Ba
[00000000 00 000000 000 0000000000 mit 00οῐ000 ist. -

2) 000 00οι00 00000000 00000 000 000 00000000 00 000
00000000
ι) 00 ,00000 00 000 00000000 0000000 000 a, o (= u),
u, e 00 0000, 000000, 00000 000 000000 00000000ος
Π) 00 00000 00 00000 00000000 mit consonantifcbem-&tamme

000 000 00000000 &tumme auf i.
000. 000 00οι00000 00000 000 000 0000000ιο0 00οῐ001 0000
00 00000000 00000 000 000 0000000 100000οι 00000000 00000, tte

,00 00 00 0. 10, ff. 1).

¹) 000 0000001000οι0 10 in 0000000 000 00 000 000 000 0000000000 &a
001000010000000000 0000 ⁴2⁸ 0.

 

