88 1111111811ιί1 (11111111111111.

111111 18111111 1111111111 11111111 6666 11111 6. 6. 6666-
que, 11111111111, 1111111, hujfisee, Rutulfisve. 81111 1111
1111111111, 11111 t,n6biscum 1. 1111. 1. 81111111 1111 mari6qu6,
sider6que, liminaque 1111111 6666 6166666 111 11111111 81111,
, 111111111111111 111111. 1111111111(11111111111111111
1111111111 111111 666 111111. siquando, n6quando‚ aliquando.
11111 111111111111111111111181111111111111111111.111
111111 1111 ιιιιι 6666 1111111111, 6666 66 11111811111111111

11111111 1111111111111111111181111111 111111, 666 11,

1111111111111;ιιιι111,ιιιι11111111111111, 6666:
11111, 1111111 1111 111 111111 1111111111 11111111 1111 111
1111111111 6666, 6 6111111111.111111111111111111
ι, ,1111111111 1111111111111111111 1111 1111111, plerique, 11111111

111111111111111111111,11111111 1111111111 6661166616,
1111111111, -. y, . ’

63 81111111 66 66166666 ιιι 111 11111111 11111 ιιιι 6666
111 11111 1111111111 1111111, 666 1111111111 111111111111 111,
’111111 1111 6666 6666 11111111 ,111 (1111111111ιῇ 111 6666666666

11111111 66666616 6666 111 111111111118111111111181

6666666, 6. 18. 66, 6666(666666666, 666666)3 quis 666661616

· (quis, 1111); 111 1111111111 11 6666666666 111 1111 1111111111
66666666 111 11111111 8111111111 1111111 1111111111, 1111
(11111, ιιιιιιιιιιιὶιιι, 1111111111, nummorum. 311111111111111
11111 111111 811111 111 666666666 66 11 666 11111 111 8111111111

s 11111111111111111111 11111 666666666 81111 1111111111 111 (1.
1. 236, 9181111111 1111111111111111111111111111111
666 1111111111 8111111111 1111181111111 66666 111111
11111111, 11111111 1111 666 1111111111 1111111111 666 11111
666666'66 11111111 111111 111111111111111111111111181111111
66666636 181111111111111)111111111ιιρῡιι1 (1111111111111
666, 666666, ergo (1111),) 666663 mod6 (mod6), 111, mods),
11111111111111111· 1111111811 66666666 1111 111 111 666
81111 111111. Q 158. 11111 1111111 111 1111 11111111, circum 111
,1111111111111111111111111111111111,1111111,111111
111 6666 66 1111111, 11111 111111 666 8111111111, 6, 26 1111111

1111.

,ιφ-...κνοω- -.. ...-

 

