2221. 2222222222222ι2.222222222. 381

2) 322 222 22222222 222 22222 22222222222222 Ι6222222222,- 22.
{tut 222 2222222222 22222222 222 2222 222222 222 22222222 222.
222222 222. &b 222 ς222222 2222 &iugulat sietentott„ 222
22222 22222 22, 22 222 22222222 222222 22222222, 222 222
tem (22222222 2222222 2222222222 22222 22222222, 222-
22222 222 22ι 2222222222 22222222 22222222222222 2222222 22222;
2. 22. Beneficium et gretie sunt vincula concordiae. 22222.
C. Fin. 2, 32, 1173 2222 22 222 22222222 2ιι 222222222222

men 222 222 2222222222 222222222222. 2222222222 .;

22222 22 222222 beneficium et gratia sunt 2222222222 eon·

cordiae. 22222. 2. 287, 2, a.)

52222222 8. 22222222 2222222 2222 22222222 222 metti: 29
22222 ,mit 22ιιι &abiecte 22 2222222, 2222222222, 222222 unt 22222
22222 222 222 2222, 222 22222222 22222 22222 222 222222 2222
(esse), 2222222 butt) 2222 222 222 2222222 ·

⁴. 222222, 2222222, 22222222,
222 222 euticete 222222 2222; 2222 22222 222 222ι22ε fieri, ex-
sistere, 22221222, manere, videri.

2222 22222 222222 22222222 2222 22 22222, 222 222 22222222
esse 1), 22222 22222 22222222222222222222 222222. 2222 222228
2222222222-,2 222222 222222222-Ι ,22 22222 22 2222222
222 222222 2222 222222, 2222 ιι 2222, 222222, 222ι 2222222, 222222 222
menn 2222 2222 222222 222 -. Det 222 222222222222222 222 ete:
2222222 222222 222222 222222222222 22222222 222222 2222 mit 2222 222
222 2222222222 222222 22222222 222, 22 mie 2. 22. 22 Cicero est
Consul 2222 est consul 222 22222222 222, 2222222 2222 2222 22 222222
222 22222222 222 222222 &inne 22222222. 2222222222 man 2222 22
2222 2222222 &inne 2222 222ι 222 2222222222222 2222222 222222
mittent, 22 222222 2222222222 22222 222222 222222 222222222222
222 222222 2222222222 2222223). 22 22222 in 22222 2222 222 222
22222222 222222 2222222222 22222222 222 62222. 2222222 52222 ’
&ein 22222222 2222222 = 22 tem 2222 22222222 2 2222222 = 2222
222222ιί22 ned) 2222. servae, quum manumittitur, fit 222222ιί222.
Q. 7, 3, 27. Galba medius inter Neronem et Othonem impe-

1) 22222 222 22 ιίιι 2222222222222, 22222222 2222222222.

2) 222222 222 2222222 22 etet 222 222 2222222222, 222 (2222222222 222 22222222.
222222, 222 merten 22 222222222222 22222222 2222222222 22222, im (2222222222 222
22222 (ta) 22222222.

³) 22 222 2222222222 222 22222222, 22222 {terte 222222 aut 222 2222222222 222 212222
222212 2222222222. 222 22222 2222222222 222 ιιιιι 22222222222222222 ιιιι 22222222
limena 222 22ιί2222222 2222222222 222222.

 

