Ι

995 1911111111. Ι
¹ 1111111115 1. AM. 369, 2. Dbj. 151 verb. sentiendi 1151111511ιΙ

abstineo 5. 1111. 3691. 1 randi 563. -1111111 61156, 1111511511
1151111111, 11 1115111 116, 111 4991, 511111 911116111511111111563, 111,
a. — 551 311. 5111511511 473. - -11151111111111563 11. 23 565,
511111 511 1111611151 1511151161 ,151111-11111 verb. 1111111111
5611111556. desiderii 563, 4; 567, 1.- 55111111
1111111111, 111111 1511-55511111151 ’5116111511 1511511 51511151111111
219. - 1111111 1151111511. 11511151 219, 563, 5. - 551 expedit, convenit 511.
1.-111155111111185115119511111. 56111. - 511511111511111111 1115111 .
119, 2. -51111111 1111111119, 3. - 11111, 511516 1111111111 11111 9111·
1115111611511111 (1111511111, 11. 4. 11111115169111111 155511511566, 1.

- -1111511151114,11. · -55111151115111,115Ᾱ;161515611.-

1111111 1. Gen. 337, 3. 5511111515115111 11511 567, 11. 1.
abundo 5.(115. 353,1; 370111-5515 A‘ccus. 5. 151. 1111 1111611111 571,1.
1111113191. Ι -1151111111511111111 11111647,
-abus 1111111 11511 1111111793. 11. 1. - 11 511 orat. obliq. 647, -
111111111111111.1.1111396,1. . 11111111111515111 in 511111 5511515
11, 6115115111 533, l 511. 1. -111111 1151, 551 11. 31651.
111111111151111533,11.1.-11111 Aecus. 1. 111. 1115 quam 5115511111
11111111, 11111111. 594. -1115 11111 115111115511111115,1115111511551

, 511511 511.585,11.1.-1111155551 1555151551511511158911.

1115511195111115511911111111584, 11ξῶἶ 1. 111, 55111511, 675, 11. 11

155111151511111151)711. · 11551145155111151155, 1111111155, vi·
11 1116111116111141. Δί’ 1111111671111111111. 1111111111 519,
1111111151 1,1; 5511551611555115511 11. 4.
11511511 561, 11, 3. 91111111515511511145, 1, a.
11115111, acutus 515 gravis 58, 11. 2. -ῤ accuso 5. Gen. 354. - inter, 11.
circumflexus, ib. - 11511111 11511· 111.
1111161111 1115163. 11111, 9511111111115511, 165, 1,1.
accidit 51 561, 2. — quod, 1111. acies 1111. 5165 161, 5.

· accipio 11111111, 155ἒυῖ 366-1111 11111551 79; 551- 5111, 1111 1111511111

’ 1111111611116. 4 l 11.1; 496 b. , 51111 1115111 11111 111111 471.

, 1111111111 1111. 511 1. 9111. 111 11 1111151515 116151 6511111 11511111

65 es 196, 61 5165, 11. 3. - 511 1151111511115111515551511 73111.
1115111 auf ia 196, 4. ,- 511 111111. 11111151 58, 11. 1.
191111111113.9111.15111 ,8, 11, 51511151 1116115115111316. -·
anf is 196 8. - 51151111111111 911 mit 111 111111111115111 511511.
51115161511-11155151111511511 11111. Aeo. 319 1. ·

’ 111111 5511111319. adeo, 5. 795, 91. 2. '

Aecus. sing. 5513. 5511. aus im 195. adesdum 633, 11. 3.

1;-5111111111195111115111,9111, 11111 111 551 5511111 511115115115.
1111155 11511 5151631135-115 861313. ’
1111111111-151 3. 3511. 151515, adipiscor 1. Gen. 11111. 353, 111.

yn, im, idem, ida, ydem 166, 2. Adjectivumfflegiffffi 3.-15151115111115

-1111111111111511111151, 5111. 51, 5551111651 69, ’11. 1.

. 137, 7. 1111111116111111111111151115111111

· 1111111511111111516111111151111. 111511,5111115151111111; 1111111 ,

11111. 1115511111 515 9511116 11111 51511111 111; aufer. 11, 1111, 25 '
111. 1. 111. 5711, 11. 5. 11111 915511 113.- 651111111516 “

’ 11111,6161151154111114-51111 1511111115 1.- 1111111111111111 1

Α151ἓ151611511ξ75, 1141 = Αᾱ,6511111115111511119.
1151111111 1111116111111111111511111 1111111111111111111153,1111111111
114114511611461.. 1151111151. 11 111511. 196 4 1. -·
115551. ’ 5. 151. 4715 4863 461, 1. - 6151111. 111111. 15151 11111 5111515.
55111115111511511563,1.-111 1. 1. 196, 5. , ·

 

