11111. 111 11111111. 1111. 1111111111. 191

29, 11. 2. 1113, 4). 111111 1111111111 1111111111 111111 111 &tatum
1111 1. 1111111111εό 11111 111111 11111 1111, 11111 1111111 1. 111.
1111111 Ν. mas ¹). tellfir-is N.tell1·1s.
aer-is N. aes. Ι 11111111 N .- 1111111.
111-11 N. 1111. mbr-is N.gen1⁰1⁸.
orsu-is N. 1111. 1111111111, Ν. pulvis.

111111. 1. 1111111 1 111111 1111111111 111 1111111111, 111111 11, 111,
11111,111,ι111161,1111“11 (111111111ηὸ1, 111111,1.1.) 1111111111-6111 11111.
&binio 1'13 1. ffi. 11111-11, cris. 211111 weiht e in 1111111111, efflat-is Ν. pubis,
111111, 11111 mit 1111111111 ῦ111111111, 11111 1111 1111111111 111δὸ1. unb 1111
1111111111 11111111 einis 1. 1. .

11111112. 11111 111 11111111 1111111111 111 1111111 (11111111, 1111111111
einis, cucumis, pulvis, vomis, 111 11111111 111 1111111111111111111111111111111
9111111111111111,1111111111111111111 111 111 Nom. 111 Cato 12. 13. 131

Ι post iu. 11111 1111 111 11111111 1111111 1111 11111 111111 11111 11111 1111 11111
111111111111111111111, 1111 1111111111 11111111 11111111 gu 11111. Θ.
ῦ11111111 m). 11. Θ. 171.

111111. 3. 11111 1111 1111111111 111111 111 1111111 1111111111 111111 111
1111111111111111111 11 11111111 111 1 111 1111111111 1111111
1111111 11111. 3111111111 111111111111 1, 1111111 111 1 1111111111
11111111. 11 11111 1111 11111 1111 aud) 11111111 1111111111111111111111111
111 arborem. (11111111 111. 11111 ὅ. 341.) 11111111111111 1111111111 111 ,
11111111 111111 1111111 1. 11111 11. 8111 1. 111, d.

2. 1111111111 111 1.

11111 111111 11111111111111111 1111 11111111111116111111111 188
1111111111 111111 111 1 111 11111111 1111111111111, 1111 11111-11,
N.anser;gutt1⁰1·riS‚ N. guttum menn gleid) 1 111 r im 1111111111
11 11111111 11111, 1111111111, Ν 1 111111). 1111111111 ὃ 1111111111
11ιῦ 1111111111111111, Ν. 11111111 1111111, Ν. 11111111 111111,

Ν. 111111.

Ι
1111111. 1. met 11111111 111 11 1111111111 1111111111 111 11 1111 1111111111
111 111 1111111111 1, 111111 11111, 111111, lopas, 1111111 11 1111111111 1 111)
in 111 Casibus obliquis 1111111, wie 1111111111, 1. 1. &0 111111111111111111111
ι11111111,11111111111 1111111111, melioribus (fflyneib. 1. 1. 9111111 111
1111111111 melios 1111111111 1. 1. 11. 11111111 6111111111 1111111111111 1111
1111111111 11111111. , ·

ιὰ -11111111111111111111111111111. 1111111111 11111
fflssffl ,111111111111111111111111111 111. 1111 1. 11, 111. 1. .

. ...W 1111, 11111111 1111 11111 1111111111 1111111111 1111111111

*Mam-³. ’“ ’111111θῆ11 irio, Gen. 1111· 111 11111,

i 111111 1111111111 111111 111111111ιί11 ,11111111

 

