236 31111111 1111111. 1111111111. 11111111. ’1.

11111 11111111. 61111111) 111 1111111111 1111111 11111111111111111
1111111111 11111111111111111111111111. 11111111 1111111111111111111 1111 111
111111 11111111

1) 111111111111111111, 11111111 1111 11111111 11111111 1111111111 111111 111111
’ 111111111111111111 (f. 1. 213, 5, b) 111) 111111111111ς &- 11. claritas (111-
11111-) 11111 claritudo (claritudin-); Juventas, juventus, juventa. “

2) 1111111111, 11111111 1111111 11111111111111111111111111111 11111111)
1111) 11111 1111111111 111111111; 1. 111. vallus, &thangpfabk vallum,
6111111111 amygdala, 11111111111111111 amygdalum, 11111111ῑς prunus, 1111111111·
11111, 1111111,1)11111111. 111111111111111111111111111 111 (1111111111 111111

’ 11111 1111111 111 1111 1111111111 111 1111111111 111 11111 &niumm

111111. mieienigen 11111111, 111111181111 111 11111111111111 111111
ῢ1111111111111 111111 1111111111111 1111111111, 111111111111111111111 ,
(11111111111111111, κλισιςε1111111111),11111111 111 11111111 &inne 11111
1111111111 1111111111111111111111 11111111 1191111111 1111111, 11111111 111111111111
1111111111 11111111111 111111111 111111111111 1111111111. 111111 1111 111
1111111111111111111111 11111111 111111111111111 111 1111111111111,
1111111111 11 11 111111111 111111111 111111 11111ῐί111111, 11 1111111 111 1111111-
11111. 11111111) 1111111111 111 1111111111 11111111 111 11111111111111 111
11111111) 111 [11111111111111111 1111111 1111111111 Heterogenes.

1111111111 11111 11111111111111111111111111111.
1) 11111111, 11111111 11111 11111 11111111111111 11111111 umbem 111 ι

ᾗὶὓᾶΐι
111. alimonia- alimonium 11111111- essedum menda- mendum
rapa - 1111111111 tribula -·- tribulum ²); simia - simius3 1111111-
111111111; coluber'- colubra (11111 11111111 f. 5. 1113); vespera-
vesper (Ῐ. ξ. 218, 2.) ·

31111111 1111111111 111 111 1111111111 111 111111, 1111111111 11
111111111111111111111, 1111 epulum - epulae; delicium-delicia03
exuvium-exuvia03 balneum -111111111, 11111111 balnea, orum ὅ).

N .

..ι-..-

11111111 &tantm 11111 1111 1. 111. 11111.1,111111111 111111 11111111111111111111,
11111111 11111111111111 11111111 1111 111111 11111. 1111 111111111111 sud) 1111111111 1. 171
· 1111111111111111111111111111 1111111 11111 11111111111111111111 111 (1111111111111111111
111111111111111111111111111111, 1.1. 1111111111. 111 1111111111. 11 11 1111 11111 1111
111111111111111111111111111111 11111 1111111, 1111 111 111. 1, 111 &tantm 1111
11111 11111111 1111. &o 1111. 11. 11 menda 111 &tantm 1111111111, 11 1111111111.
1111111111- (1.5. 1771111 181). 11111 11111 1111 1111111111 11111 111111111111111
61111111 111111111111111111111111111111111111111 111, 1111111111 11 111 11111111. 111
’11111 11111111111111111111111111 111 31111111111161111111 11111111. 111111 111
1111 11111111, 111 1111111111 11 1111111111 1111ῑί111111 111111, 111 111111 111111 111 1111
” 11111111 111 1111111111 11111111111111111, 11111111. 1111 11111111 11 11111111111111111111 ’
11111111111111111111 1111111111161111 111111, 111111 111 1111111 (1. §- 111), 11 1111111
11111111111111111111111 111 11111111111111111 11111 11111111 1111111111 11111111111
1111111111111111111 1111111111 11111111 1. 91. sepe-s 111 111-1311111 sele-n 111 reli-s.

2) 1). a. 11111 gausapa - gauupum, 11111111 11111 gausape, 11, 11111 1111111111 1111111.

3115111111 111111 1111111111 11111111 111 11111111 111 11111111 1111 11111111111111 1111 6111.
1111 1111 111 111111. 111 11111. 111 1111111 1111, orum 1111 111 11111111, 1111 dialectica, 11
111 1111111111,· orum. 9111) 11111111111,1111111111111111111111111 11111 1111 11111
1111111 nub 1111111111 111111. 1111 written 11111 11111111 f· 1. 111, c.

 

