622 11111111 11111. 61 1.11111 1111111111.

111.(1.111.1,16.-11111111111111,1111111111111111111111 1111111111
’ 1111111111 sapientem. Quoad. eal, 117, 1111111111111, diceres 111.,111111

111111 11111111, 111111 1111111111 1111111, 1. 1. 451, 11. 1.

1) 1111111111 11111 111 11111111 11111111 11111111, 111111
11111, 1111111111 &aare 111111111111111 111111, 11111111 &abieti
aliquem 1111111111 111 11111111 111.

Nihil praestabilius videtur, quum posse diceudo... voluntates impellere,

11111111, unde 11111111111111111111. c.0r.1,8‚30 ι). Iud) 11111 1111111111

1111111111111 1111111111111111111111111, 1111111, 1111111111 111111
lenum lure, 11111111, ’11111111111111111111111111111. lior. 8112, 299. llu-
miui, inquit, mortuo ne 1111111111. (1111112160.

161 8111111111. 111111111111111 1111Θ11111111111 11111
111 1111111111 11111111 11 11131111 11111111 11111. 11111 1111111111 ene
eeu, 1111111 1111 1111111111· 1111111111111111111111111111111111.
11111 15111111111111111
1) 111 1111111 1111111 1111111 1111111 1111111111111111111
11111111111111111111111111111111,1111111111,11111111.1.11.;

11111.

’.11111 1. 1111111 11111111111-111111111111 1111111111 1111 11111111111111
1111, 1111 Jupiter 11111, 11 11111111 111111111111 1111 1111 11111111111111
1111111111111111111 11111 1111111111 111, uui 111 1111111111 111111 &ulie
1111, 111 1111 11111111 1111111,’-1111111111111111111 1111111 111111111111111111,
11111 11111111 111111 11111111111111111111 11. Su 1111111111 11111111 1111111 uu:
1111111111 1111111111 11 11111111111111111111111μ .

2) 111 'ben 11111 11111111111111111 111111111111111111111
11111,“·1111111;.11111111, -11111151111111, 111111 111111111111111 mise·
rescit, 1111111111111111111111111111, 1111111111111111111 11. 155,
1111111111 111111111111111 11111111 1. 350.

111111. 1. &ie 1111111111 1111111111, 111 111111111111111111111161111
111111,·11111111111111 1111111 1111 1111111111, 111 11111111 11111111, 1111 111
11111111111111,1111111111. 111111111111111111111111111111111311111111
111 1111 11111 111111 1111111111111111111111111111, 1111 1111 1111111111 1111 &ebs
11111111 1111111111 1111111111. Ji 1 110, ,1111111111111111111111111 1111111111
111111 1111111 111 111 11111111 111111111111111111.11.2.

1111111.Ι 3. 111111 11111111 11111111111111111111111111 111111 1111111111, ln
11111111 11111111111111111111111111111111, 11111111 1111 infinitivus, 111 Aecae. ο·
fus. obet 1111Θ11111 &tubitet bilbel, 1. 11. Juvat, socius 1111111111 ma·

““111111,11111111111111111111 111 11111, 1111111, 11111 11 1111111 11. Apparet, 111
etl 1111111111 uere 1111111. Reliquum eet, 111 cetera videamus. 11111111 flictio,

1111111111, libet, 1111111, constat, 11 111 111111 (1.1. 15511111 1511), 1111111111 -
nm 111 11111 11111111 1111111111 1111111111.

ὦ 111111111111111111111111111, 1111111 1111111111 111111 em 1111111111.

 

