11 111111 11111 111111111111111.

«111.3,100) 11111111111111111,11111)111, 11111111χώ), 111111

· 111111111111111
3) 1111111111 11 1111 11111111 111 11111111 3111111111 aad> 11

111 1111111111, 1111· 11111 11111111111111111111 11111, postremis,
1111111111111, 11111111 11111 11111111111111 1111111111

111 1111.
u 1111111
11111111 1111111111 1111 (= 1111) 1111 in.

51 B. 1111111111111111111.

11111 11111111 1111111111 11111111,11111111111111 11111
111111 11111111,1111 11111111111111, 1111111 1111111 1 11111111
ῧ11111111111111 11 111111, 11 11111111 1. 1. 43, d). 1111 111
11111111 111 s 1111111111 11111111111111111111111

1111111 1)11111111111111111111, 11, 11.
2) 111111 111 (11111111 1111111).

1111111111

1) 1111111Ῐ11113ἴ31111111 11111111, 11111111 (1111111 11111
11111111,Αιο11,Ρ11111,1111111.6111111111111111
(11111111

2) 11 1111111111111111111 1111111111 1111111 111 1111111 1111111 1
11111111Τ111111,1111111. ¹ 1
1

11111111·

111111111111111111111111 6111111111 111 111111 1111111εΙ
111111, 111111 111 11111111 1111 61111 11111 1111111 11111111
11111111ῒί111 11111111 milks 11111ιί111111 111111111111111111111.·;
11111111111,11111,11111,1111111111.11111111111111·
1111111 1111 pes, 11111111, 11111111. 111 11. (1111111111111, 1

111). 1

2) 11 1111111111 11111111, 111111 11 111 11 1111111111, 1111 ⁴··
11111111, Amazones, 11111111111, 1111111111υὲ1 (111 111111111ςῖ
1111111 11111111111111111111111, ·²1⁶); ·

1111111) 11111111111111111131 1111 1111111111. ›
1) 1111 11111111111111 111 1111111111 111 a 1111111 11 1111111111 1111 1111111111 11111·

111111 11111111 1111111111111ἰ1ῑι1 Ῑ, 11111, 11111111111111111111113 1111
<unum

 

